 0.00414852
 0.00550752
 0.00610357
 0.00790365
 0.00669486
 0.00774868
 0.00807225
 0.00751026
 0.00764536
 0.00838288
 0.00750375
 0.00766523
 0.00786789
 0.00880795
 0.00700957
  0.0080467
 0.00828022
 0.00781226
 0.00911019
 0.00799664
 0.00822211
 0.00803695
 0.00858315
 0.00769503
 0.00759323
  0.0078899
 0.00912357
 0.00830726
 0.00898271
 0.00787266
 0.00823244
 0.00873067
 0.00837074
 0.00836857
 0.00892239
 0.00847586
 0.00886926
 0.00837234
 0.00829705
 0.00829347
 0.00810864
 0.00879432
 0.00846671
 0.00856039
 0.00844646
  0.0084401
 0.00872925
 0.00837751
 0.00890721
 0.00892362
 0.00836717
 0.00848962
 0.00863713
 0.00855136
 0.00834126
 0.00854483
 0.00839492
  0.0080726
  0.0084304
 0.00846632
 0.00900996
 0.00829705
 0.00908497
 0.00892961
 0.00840048
 0.00893861
 0.00887566
 0.00899127
 0.00901438
 0.00906544
  0.0083313
 0.00915337
 0.00857531
  0.0087726
 0.00862893
 0.00828575
   0.008572
  0.0088876
  0.0086755
 0.00878879
 0.00845599
  0.0088239
 0.00856592
 0.00855761
 0.00880025
 0.00868462
 0.00852396
 0.00860753
 0.00873103
 0.00826049
 0.00831434
 0.00901853
 0.00877081
 0.00861511
 0.00873976
 0.00875899
 0.00847844
 0.00871161
 0.00873921
 0.00914106
 0.00879277
 0.00862242
 0.00850954
 0.00876609
 0.00874528
 0.00869381
 0.00871818
 0.00855401
 0.00852934
 0.00894468
 0.00856124
  0.0085129
 0.00882242
 0.00901858
 0.00898867
 0.00855479
 0.00865529
 0.00859164
 0.00848337
  0.0086821
 0.00852049
 0.00877662
 0.00812259
 0.00825551
 0.00863351
  0.0085366
 0.00814048
 0.00861556
 0.00851661
  0.0084445
  0.0082621
 0.00853655
 0.00795393
 0.00814972
 0.00843056
 0.00852425
 0.00847038
 0.00804204
 0.00854096
 0.00840842
 0.00840053
 0.00824668
 0.00803195
 0.00799008
 0.00842135
 0.00816183
 0.00813064
 0.00818009
 0.00842378
 0.00824364
 0.00818431
 0.00810411
 0.00815212
  0.0080546
  0.0078402
 0.00795134
 0.00786607
 0.00811416
  0.0078247
 0.00788756
 0.00790609
 0.00792264
  0.0078398
 0.00785044
 0.00785402
 0.00791873
 0.00758521
 0.00764905
 0.00735747
 0.00767519
  0.0075525
 0.00759592
 0.00750488
 0.00739022
 0.00736271
 0.00732413
 0.00724234
 0.00749418
 0.00715342
 0.00705249
 0.00722771
 0.00732162
 0.00704788
 0.00701113
 0.00722299
 0.00724338
 0.00717634
 0.00681782
 0.00713068
 0.00699979
 0.00703504
 0.00669292
 0.00685985
 0.00658926
 0.00675281
 0.00649429
 0.00636765
 0.00663171
 0.00659264
 0.00671703
 0.00645516
 0.00635167
 0.00640706
 0.00614565
 0.00644713
 0.00608182
  0.0060393
 0.00610793
 0.00628404
 0.00596665
 0.00616889
 0.00596569
 0.00594843
 0.00598548
 0.00574539
 0.00584528
 0.00573199
 0.00569782
 0.00563522
 0.00567008
 0.00552403
  0.0055043
  0.0055752
 0.00545707
 0.00517278
 0.00534738
 0.00532319
  0.0053858
 0.00521486
 0.00506281
 0.00528242
 0.00498402
 0.00501912
 0.00492064
 0.00490031
 0.00486742
 0.00490121
  0.0047586
 0.00468901
 0.00476424
  0.0046685
 0.00452803
    0.00454
  0.0044698
  0.0044358
 0.00433403
 0.00435644
 0.00424485
 0.00429617
 0.00418858
 0.00414795
   0.004098
 0.00411912
 0.00425666
  0.0040453
 0.00394736
 0.00398488
 0.00399771
 0.00394085
 0.00377714
 0.00385584
  0.0037969
 0.00359317
 0.00360124
 0.00359413
 0.00358277
 0.00361114
 0.00343166
 0.00347634
 0.00340889
  0.0032749
 0.00339907
 0.00319851
 0.00320459
 0.00317264
 0.00321505
 0.00295452
 0.00299947
 0.00296924
  0.0029525
  0.0028972
 0.00286815
 0.00287116
  0.0027452
 0.00275263
 0.00268399
 0.00266317
 0.00256054
 0.00248931
 0.00251279
 0.00256954
 0.00245688
 0.00254565
 0.00244746
 0.00237273
 0.00239516
 0.00235435
 0.00227252
 0.00220655
 0.00213339
  0.0021762
 0.00211074
  0.0020575
 0.00209261
 0.00206418
 0.00200133
 0.00186527
 0.00196604
 0.00191061
 0.00179323
 0.00176953
 0.00189132
  0.0017436
 0.00174943
 0.00169846
 0.00171799
 0.00164849
 0.00167344
   0.001609
 0.00158073
 0.00149069
 0.00144296
 0.00148057
 0.00142567
 0.00140544
 0.00139103
 0.00134566
 0.00142049
 0.00139183
 0.00125106
 0.00132507
 0.00125947
 0.00113669
  0.0011093
  0.0011726
 0.00113335
 0.00110324
 0.00111479
  0.0011229
 0.00108005
 0.00110289
 0.00103985
 0.00106977
0.000953961
0.000970684
0.000914957
0.000966326
0.000911343
0.000832492
0.000857498
0.000916596
 0.00083515
0.000761056
0.000758097
0.000779737
 0.00076509
0.000765351
0.000724853
0.000688166
 0.00062506
0.000643934
0.000719609
0.000666396
0.000657884
0.000631391
0.000618722
0.000597546
0.000565602
0.000550888
0.000583809
0.000544062
0.000526064
0.000513915
0.000514836
0.000469594
0.000488129
0.000461411
0.000484032
0.000441613
0.000433299
0.000420897
0.000456495
0.000376493
0.000364709
0.000393859
 0.00038765
0.000378147
0.000361318
0.000348989
0.000324986
0.000318667
0.000321138
0.000296297
0.000315151
0.000332099
 0.00028177
0.000267728
 0.00025124
0.000273198
0.000229242
0.000259706
0.000197854
 0.00022434
0.000227326
0.000197448
0.000230434
0.000180661
 0.00021528
0.000186773
0.000207252
0.000185168
0.000178121
0.000179768
0.000177952
0.000164769
0.000153369
0.000170154
0.000151608
0.000125982
0.000129428
0.000121985
  0.0001139
0.000136627
0.000136642
0.000123193
0.000128277
0.000120271
0.000115645
9.73691e-05
9.94714e-05
0.000100568
9.63618e-05
0.000117283
9.78954e-05
8.81335e-05
9.38372e-05
7.95464e-05
9.96142e-05
7.42961e-05
8.32306e-05
6.71471e-05
6.95844e-05
 7.0719e-05
 7.2815e-05
7.61875e-05
6.22246e-05
4.19237e-05
4.53425e-05
4.74718e-05
4.89557e-05
5.23363e-05
4.81062e-05
3.31579e-05
4.63188e-05
3.36409e-05
4.45471e-05
3.31807e-05
3.31082e-05
 3.9581e-05
3.70071e-05
4.25124e-05
 3.9324e-05
  2.997e-05
3.57631e-05
3.04563e-05
2.33305e-05
2.60374e-05
2.41478e-05
3.38568e-05
2.52625e-05
2.46014e-05
2.42462e-05
2.08681e-05
2.20313e-05
2.98152e-05
2.16382e-05
2.00933e-05
2.12484e-05
2.18013e-05
1.75835e-05
1.04092e-05
1.48395e-05
 2.5471e-05
 1.1527e-05
1.41578e-05
1.56004e-05
1.20434e-05
 1.4657e-05
9.94639e-06
2.21877e-05
 1.7481e-05
1.04673e-05
1.01559e-05
1.07145e-05
6.35789e-06
8.94078e-06
8.92279e-06
 3.7343e-06
4.58685e-06
8.01094e-06
9.42262e-06
5.41434e-06
8.81636e-06
6.81202e-06
8.49817e-06
5.93696e-06
5.92525e-06
7.60318e-06
6.46406e-06
7.85386e-06
5.59892e-06
 2.2352e-06
4.74053e-06
  4.453e-06
3.88881e-06
7.20807e-06
2.76697e-06
3.31396e-06
6.61515e-06
6.87752e-06
4.66774e-06
1.91833e-06
 3.5558e-06
4.09501e-06
1.90737e-06
2.71963e-06
2.44302e-06
1.35466e-06
3.24505e-06
 2.6991e-06
4.31043e-06
1.61337e-06
1.34196e-06
2.14311e-06
5.34776e-07
1.33445e-06
2.13114e-06
7.97691e-07
1.85782e-06
 2.1193e-06
1.32211e-06
1.58361e-06
1.58069e-06
1.84075e-06
1.57489e-06
2.62001e-07
7.84566e-07
7.83134e-07
1.56342e-06
7.80286e-07
2.59623e-07
          0
          0
1.03287e-06
7.73257e-07
1.02915e-06
2.56827e-07
          0
7.67724e-07
2.80996e-06
          0
          0
 2.5409e-07
 1.2682e-06
7.59571e-07
2.52743e-07
          0
          0
7.54231e-07
          0
7.51589e-07
          0
2.49655e-07
 2.4922e-07
7.46361e-07
          0
7.43774e-07
4.94991e-07
4.94136e-07
          0
          0
          0
7.36119e-07
2.44953e-07
          0
          0
          0
          0
          0
          0
          0
          0
          0
          0
2.40424e-07
          0
          0
          0
          0
          0