 0.00816378
 0.00938119
 0.00873668
 0.00970345
 0.00988248
  0.0101451
  0.0118262
  0.0111894
  0.0117921
 0.00962467
 0.00966113
 0.00909474
 0.00930958
  0.0116932
  0.0118017
  0.0106881
  0.0102026
  0.0084741
  0.0109227
  0.0125679
  0.0104145
  0.0111715
  0.0129462
  0.0100854
  0.0107074
  0.0104554
  0.0101901
  0.0115449
  0.0100059
  0.0113672
  0.0105663
  0.0105136
  0.0114276
  0.0118244
 0.00974744
  0.0114381
  0.0121431
  0.0121213
  0.0110393
  0.0109244
  0.0115103
  0.0109464
  0.0119409
   0.011012
  0.0113625
  0.0119063
  0.0114214
  0.0113774
  0.0135215
  0.0135204
  0.0111238
  0.0135127
  0.0111796
  0.0119221
  0.0112626
  0.0117674
  0.0121288
  0.0116678
  0.0117177
  0.0116919
  0.0119721
  0.0124305
  0.0126424
   0.012089
  0.0121454
  0.0118963
   0.012623
  0.0116159
  0.0129047
  0.0120022
  0.0124262
  0.0118976
  0.0128215
  0.0123812
  0.0126725
  0.0130164
   0.012016
  0.0117095
  0.0127814
  0.0124211
  0.0122572
  0.0122719
  0.0116512
  0.0122286
  0.0124251
   0.012737
  0.0118481
  0.0117167
  0.0129417
  0.0132992
  0.0121127
   0.012624
  0.0124451
  0.0119577
  0.0124545
  0.0122502
  0.0127617
   0.014261
  0.0136483
  0.0121325
   0.013188
  0.0128846
  0.0130751
   0.013032
  0.0131671
  0.0125024
  0.0124337
  0.0125838
  0.0132436
  0.0121897
  0.0129366
  0.0132713
   0.012989
  0.0125987
  0.0126834
  0.0131927
  0.0122928
  0.0136767
  0.0135846
  0.0131432
  0.0134086
  0.0125826
  0.0130101
   0.012792
   0.013384
  0.0130652
  0.0123725
  0.0131117
  0.0131789
  0.0127514
  0.0127251
  0.0135271
  0.0127868
  0.0129009
  0.0128605
  0.0133409
  0.0132906
  0.0124055
  0.0131581
  0.0127183
   0.012621
  0.0139664
  0.0126017
  0.0136063
  0.0130374
  0.0127578
  0.0125638
   0.011785
  0.0127037
  0.0123307
  0.0134403
  0.0128384
  0.0138534
  0.0127051
  0.0124282
  0.0126074
  0.0139685
  0.0131367
  0.0128713
  0.0132178
  0.0135191
  0.0128106
  0.0129069
  0.0124736
  0.0127036
  0.0128384
  0.0134468
  0.0130155
  0.0131639
  0.0131118
  0.0138877
  0.0134639
  0.0139656
  0.0134861
  0.0136022
  0.0135087
  0.0133668
  0.0128492
  0.0134815
  0.0135061
  0.0133135
  0.0139069
  0.0132252
  0.0139146
  0.0138525
  0.0140391
  0.0138828
  0.0137092
  0.0136328
  0.0134352
  0.0134496
  0.0141277
  0.0139707
  0.0136971
  0.0139912
  0.0142399
  0.0137975
   0.014564
  0.0137114
  0.0137531
  0.0132721
  0.0137807
   0.014659
   0.013369
  0.0136531
  0.0137294
  0.0134977
  0.0137599
  0.0138989
  0.0136227
  0.0138032
  0.0135968
  0.0136756
  0.0137883
  0.0130547
  0.0135712
  0.0139403
  0.0139959
  0.0145768
  0.0137118
  0.0139692
  0.0142973
  0.0139062
  0.0134433
  0.0146808
  0.0144004
  0.0136183
  0.0138701
  0.0135538
  0.0142004
  0.0141928
  0.0130976
  0.0140895
  0.0139185
  0.0137483
  0.0141926
  0.0142372
  0.0141858
  0.0138478
  0.0137137
  0.0139641
  0.0143372
  0.0143696
  0.0141205
  0.0141763
  0.0136051
  0.0136927
  0.0145921
  0.0148027
  0.0144141
  0.0148194
  0.0140854
  0.0145211
  0.0145604
   0.014469
  0.0140097
  0.0142901
  0.0136624
  0.0143927
  0.0147146
  0.0143427
  0.0142344
  0.0140186
  0.0145042
  0.0143424
  0.0138696
  0.0141465
  0.0142861
  0.0143741
  0.0141601
  0.0139916
  0.0144146
  0.0143046
  0.0139753
   0.013611
  0.0139602
  0.0145887
   0.013343
  0.0139277
  0.0141828
  0.0138515
   0.014198
  0.0131559
  0.0138327
  0.0138978
  0.0141542
  0.0138244
  0.0141001
  0.0145539
  0.0141333
  0.0134203
  0.0134008
  0.0134372
  0.0137374
  0.0136413
  0.0135502
  0.0141401
  0.0131781
  0.0128959
  0.0133724
    0.01307
  0.0134636
  0.0132007
  0.0133142
  0.0131719
  0.0138502
   0.013625
  0.0129827
   0.012803
  0.0134303
  0.0132227
  0.0126717
  0.0126349
   0.013012
  0.0128961
  0.0128893
  0.0129159
  0.0130109
  0.0129486
  0.0127922
  0.0125654
  0.0123587
  0.0125793
  0.0125096
  0.0126831
  0.0122184
   0.012238
  0.0120636
  0.0124231
  0.0120964
  0.0127846
  0.0118803
  0.0121594
  0.0124026
   0.011962
  0.0116327
  0.0119994
  0.0118457
  0.0113413
  0.0114023
  0.0114096
  0.0113382
   0.011645
  0.0112606
  0.0111827
  0.0114774
  0.0113023
  0.0106834
  0.0112445
  0.0110295
  0.0110813
  0.0108741
  0.0108485
  0.0109008
  0.0102161
   0.010356
  0.0113159
  0.0107398
  0.0102312
  0.0101081
  0.0105069
  0.0105836
 0.00999453
  0.0100399
  0.0102568
 0.00976938
  0.0100409
 0.00964546
 0.00982387
 0.00949538
 0.00940069
 0.00952057
 0.00955341
 0.00919929
 0.00935923
 0.00857365
 0.00917623
 0.00906405
 0.00960736
 0.00887915
 0.00865172
 0.00850422
 0.00879464
 0.00881426
   0.008464
 0.00853223
 0.00882143
 0.00864292
 0.00834088
 0.00831803
 0.00796598
 0.00815063
 0.00797245
 0.00783808
 0.00788531
 0.00763284
 0.00763743
 0.00753727
 0.00751802
 0.00776634
 0.00741873
 0.00713342
 0.00720386
 0.00756962
 0.00721214
 0.00709172
 0.00712919
  0.0068709
 0.00700153
 0.00691249
 0.00690543
 0.00678299
 0.00666461
 0.00678932
 0.00674397
 0.00630566
 0.00657458
 0.00607778
 0.00626905
 0.00596222
 0.00610081
 0.00590715
 0.00583021
 0.00542361
 0.00573369
 0.00555213
 0.00545963
 0.00540772
 0.00563349
 0.00508579
 0.00524779
 0.00513021
 0.00504924
 0.00520888
 0.00518702
 0.00494814
 0.00515312
 0.00500631
 0.00508332
 0.00449854
 0.00453316
 0.00444546
 0.00416805
 0.00454705
 0.00459927
 0.00444509
 0.00435376
 0.00413944
 0.00413756
 0.00423371
  0.0041119
 0.00385311
 0.00378707
 0.00376863
 0.00358218
 0.00371504
 0.00362417
  0.0034133
 0.00344643
 0.00351709
 0.00338798
 0.00330253
 0.00329478
 0.00318705
  0.0032803
 0.00313188
 0.00323742
 0.00313655
 0.00279608
 0.00285656
  0.0028508
 0.00277224
 0.00277304
 0.00280164
 0.00264528
 0.00252358
 0.00241379
 0.00251362
 0.00246202
 0.00265114
 0.00261436
 0.00236439
 0.00223614
 0.00222412
 0.00227712
 0.00232135
 0.00232806
 0.00198694
 0.00194393
  0.0020256
 0.00210782
 0.00202959
  0.0018532
 0.00174218
 0.00164636
 0.00179695
  0.0016648
 0.00183258
 0.00158953
 0.00160812
 0.00166237
 0.00149587
 0.00163925
 0.00152091
 0.00154228
 0.00139148
 0.00134834
 0.00118921
 0.00128649
 0.00131205
 0.00115673
 0.00122832
 0.00134234
 0.00114691
 0.00122839
 0.00105392
 0.00117793
 0.00109741
0.000978009
 0.00105711
0.000880788
0.000970742
0.000864001
0.000907725
0.000946099
0.000880584
0.000802002
0.000882131
0.000816297
0.000717202
0.000769257
0.000768888
0.000712091
0.000656311
0.000745302
0.000739903
0.000662512
 0.00060644
0.000607175
 0.00058165
0.000621609
0.000534052
0.000553379
0.000599225
 0.00053374
0.000550338
0.000491466
0.000511217
 0.00052359
0.000489827
0.000435651
0.000416181
0.000368291
0.000411576
0.000465802
0.000424521
0.000360246
0.000314426
 0.00029516
0.000351667
0.000343126
0.000324676
0.000372434
0.000323778
0.000326754
0.000285183
0.000292764
0.000242826
0.000300544
0.000254286
0.000210196
0.000263162
0.000219461
0.000274472
0.000220441
0.000225529
0.000164075
 0.00021781
0.000251817
0.000182981
0.000213481
0.000192442
0.000134872
0.000219006
0.000175786
 0.00014518
0.000205443
0.000143955
0.000150276
0.000167742
0.000121656
 8.9999e-05
  0.0001425
8.07746e-05
 0.00011819
0.000157643
0.000109397
0.000108256
9.25339e-05
9.33345e-05