 0.00228953
 0.00114476
 0.00562842
 0.00350584
 0.00472215
 0.00481754
 0.00502878
 0.00457905
 0.00558072
 0.00400667
 0.00382455
 0.00516336
 0.00654936
 0.00439507
 0.00584783
 0.00582219
 0.00480632
 0.00571586
 0.00561837
 0.00594561
 0.00506966
 0.00517094
 0.00546873
 0.00582517
 0.00626757
 0.00574583
 0.00496594
 0.00520254
  0.0056794
 0.00613879
 0.00497141
 0.00492784
  0.0063092
 0.00617414
 0.00627166
 0.00639557
 0.00607962
 0.00617193
 0.00488726
 0.00565584
 0.00594369
 0.00618035
 0.00521466
 0.00587992
 0.00647109
 0.00636774
   0.006351
 0.00617993
 0.00627283
 0.00628761
 0.00643087
 0.00656587
 0.00556722
 0.00688712
 0.00620253
 0.00636774
 0.00628113
 0.00593105
 0.00634955
 0.00641306
 0.00701402
 0.00680395
 0.00652106
 0.00750803
 0.00611347
 0.00628752
 0.00634318
 0.00700115
 0.00732897
 0.00718338
 0.00811814
 0.00677517
 0.00745664
 0.00728433
 0.00722918
 0.00768761
 0.00695592
 0.00779503
 0.00745907
 0.00791854
 0.00696751
 0.00732927
 0.00743578
 0.00721609
 0.00841569
 0.00757407
  0.0075857
 0.00839222
 0.00843458
 0.00837585
 0.00810297
  0.0086386
  0.0076656
 0.00877753
 0.00865199
 0.00909699
 0.00855326
 0.00885001
 0.00907282
 0.00931694
  0.0093522
 0.00841877
 0.00866908
  0.0090893
 0.00861434
 0.00952394
 0.00917549
 0.00986165
 0.00910296
 0.00923745
  0.0098117
  0.0092552
  0.0100496
 0.00962881
 0.00999676
  0.0101252
  0.0095935
  0.0107261
  0.0105518
 0.00984615
  0.0101633
  0.0110406
  0.0108578
  0.0107783
 0.00966523
  0.0107287
  0.0108313
  0.0108585
  0.0114454
   0.010741
  0.0113307
  0.0108817
  0.0110323
  0.0110472
  0.0115748
  0.0110846
  0.0112899
  0.0118334
  0.0113354
  0.0114875
  0.0112832
   0.012412
  0.0114046
  0.0115748
  0.0117851
  0.0114849
  0.0112958
  0.0115588
  0.0122342
  0.0111624
  0.0116277
  0.0111953
  0.0119807
  0.0116437
  0.0121289
  0.0125098
  0.0119599
  0.0123261
  0.0125339
  0.0122579
  0.0124546
  0.0124458
  0.0120077
  0.0122678
  0.0122646
  0.0122097
  0.0120406
  0.0129833
  0.0123147
  0.0124215
  0.0125849
  0.0129801
  0.0126726
  0.0123925
  0.0126455
  0.0127095
  0.0127549
  0.0127258
   0.012873
  0.0124215
  0.0129197
   0.013333
  0.0124853
    0.01251
  0.0130147
  0.0127447
  0.0128503
  0.0134715
   0.013105
  0.0127174
  0.0132299
  0.0128749
  0.0129987
  0.0128609
  0.0131574
  0.0132385
  0.0132745
  0.0135081
  0.0133014
  0.0135254
   0.013169
  0.0135416
  0.0140156
  0.0132405
  0.0136729
   0.013542
   0.013386
   0.013151
   0.013783
  0.0132213
  0.0133072
  0.0136049
  0.0135766
  0.0140294
  0.0135255
   0.013757
  0.0139033
  0.0137056
  0.0137986
  0.0136897
  0.0132716
  0.0135457
  0.0134875
  0.0135608
  0.0139947
  0.0138461
  0.0133728
  0.0145323
  0.0140665
  0.0137826
  0.0134287
   0.013269
   0.013863
  0.0139677
  0.0140769
  0.0131442
  0.0136418
    0.01414
  0.0142335
  0.0135905
   0.013521
  0.0138442
  0.0135369
  0.0141266
  0.0138359
  0.0139413
  0.0136671
  0.0137262
  0.0137147
  0.0139306
  0.0137309
  0.0134294
  0.0133435
  0.0132115
  0.0132843
  0.0131871
  0.0134415
  0.0139901
  0.0134101
  0.0136761
  0.0128967
  0.0133942
  0.0134461
  0.0126721
  0.0129882
  0.0131766
  0.0131031
  0.0132192
  0.0127647
  0.0128319
  0.0129974
  0.0130522
  0.0129949
  0.0133157
  0.0124155
  0.0128438
  0.0129096
  0.0124405
   0.012794
  0.0128004
  0.0124712
   0.012497
  0.0121307
  0.0121913
    0.01213
  0.0120085
  0.0116705
  0.0119698
  0.0119626
  0.0120309
  0.0115258
  0.0118524
  0.0118032
  0.0117178
  0.0118269
  0.0116105
  0.0114924
  0.0117948
  0.0114093
  0.0110823
  0.0108068
  0.0112292
  0.0107104
  0.0110146
  0.0107908
  0.0106657
   0.011264
  0.0105658
  0.0102329
  0.0109736
  0.0104616
  0.0104501
  0.0109072
  0.0103325
  0.0104019
  0.0103151
  0.0105529
  0.0102111
  0.0102558
 0.00979979
   0.009829
 0.00954695
 0.00992895
  0.0098325
 0.00993346
 0.00954569
 0.00931214
 0.00944647
 0.00923334
 0.00952711
 0.00941922
 0.00883743
 0.00890972
 0.00906727
 0.00901671
 0.00879355
  0.0090702
 0.00878089
 0.00851438
 0.00868631
 0.00850641
 0.00860915
 0.00808676
 0.00824795
 0.00834266
 0.00837314
 0.00832839
 0.00822716
 0.00803958
 0.00796959
 0.00766885
  0.0078239
 0.00790916
 0.00771179
 0.00754495
 0.00708603
   0.007655
 0.00701966
 0.00672229
 0.00693893
 0.00697282
 0.00702788
 0.00718906
 0.00664528
 0.00646987
  0.0066942
 0.00641706
 0.00663371
 0.00616861
 0.00624824
 0.00615233
  0.0060227
 0.00623788
 0.00579766
 0.00596917
  0.0057436
 0.00562968
 0.00568179
 0.00561659
 0.00567712
 0.00544814
 0.00532562
 0.00515666
 0.00552035
 0.00552943
 0.00491121
 0.00520837
 0.00503083
 0.00481117
 0.00519693
 0.00456295
 0.00484808
 0.00478659
 0.00453837
 0.00444356
 0.00473768
 0.00443415
 0.00437987
 0.00427672
 0.00436226
 0.00441454
 0.00418678
   0.004072
 0.00417137
 0.00398123
 0.00390093
 0.00375107
 0.00366436
 0.00386847
 0.00372187
 0.00354988
 0.00348048
   0.003286
 0.00336032
 0.00318396
 0.00323753
  0.0032507
 0.00316966
 0.00298178
 0.00297093
 0.00298121
 0.00290361
 0.00302293
 0.00274885
 0.00269895
 0.00278062
 0.00274629
 0.00272316
 0.00262308
 0.00253745
  0.0025123
 0.00254491
 0.00247922
  0.0025866
 0.00233361
 0.00238799
 0.00223746
 0.00217061
   0.002136
 0.00200496
 0.00192286
 0.00206096
 0.00197071
 0.00192727
 0.00192166
  0.0017765
 0.00185384
 0.00180179
 0.00181339
  0.0017995
 0.00166511
  0.0016152
   0.001581
 0.00150786
 0.00149102
 0.00150972
 0.00139902
 0.00141221
 0.00128692
 0.00139673
 0.00133969
 0.00131976
 0.00122975
 0.00133874
 0.00117923
 0.00124272
  0.0011322
 0.00112336
 0.00115819
 0.00106134
 0.00104359
 0.00105442
 0.00112722
 0.00104604
0.000954973
 0.00099836
 0.00092787
 0.00093012
0.000892628
0.000794477
 0.00081841
 0.00088351
0.000663038
 0.00082605
0.000898403
0.000777602
0.000743097
 0.00077031
0.000659877
0.000701459
0.000686041
0.000595358
0.000646686
0.000630025
0.000655348
0.000573247
0.000622767
0.000544509
 0.00054772
0.000532315
0.000531538
 0.00042672
0.000473096
0.000425595
0.000506076
0.000412601
0.000394853
0.000485059
0.000394145
0.000382429
0.000401563
0.000363048
0.000363457
0.000366647
0.000388997
0.000367167
 0.00030086
0.000295859
0.000261376
0.000273257
0.000332333
 0.00032731
0.000288379
0.000231847
0.000309358
0.000279662
0.000261753
0.000209765
0.000201253
0.000278361
0.000196722
0.000215181
0.000196253
0.000244388
0.000149782
 0.00016205
0.000183066
0.000191503
0.000139644
 0.00016668
0.000178274
 0.00014996
0.000117006
0.000154143
8.69074e-05
0.000138116
0.000121382
0.000120378
0.000113903
0.000111614
0.000106737
 9.3323e-05
9.83295e-05
8.88534e-05
0.000102874
9.65121e-05
9.65958e-05
 0.00010309
7.62834e-05
9.14788e-05
7.90723e-05
5.44883e-05
 8.1333e-05
7.12939e-05
5.92643e-05
3.79228e-05
8.22735e-05
4.48433e-05
3.31961e-05
4.89537e-05
4.68631e-05
5.20347e-05
4.66995e-05
5.23519e-05
3.90712e-05
4.94374e-05
4.29038e-05
4.48101e-05
3.13871e-05
4.19417e-05
1.79793e-05
6.66303e-05
2.42992e-05
2.42576e-05
1.49211e-05
4.44426e-05
2.97404e-05
2.31191e-05
4.13009e-05
2.93467e-05
2.71179e-05
1.74035e-05
1.52024e-05
 3.1799e-05
2.23662e-05
1.24848e-05
1.86959e-05
3.54149e-05
1.21834e-05
1.16861e-05