 0.00515052
 0.00608048
 0.00882266
 0.00661699
 0.00580865
 0.00770194
  0.0068878
 0.00570492
 0.00710582
 0.00706766
 0.00655521
 0.00631893
 0.00646017
 0.00754184
  0.0079547
 0.00682266
 0.00702727
 0.00639047
 0.00778603
 0.00705336
 0.00680605
 0.00740713
 0.00746453
 0.00680179
 0.00666134
 0.00721404
 0.00773638
 0.00737833
 0.00718311
  0.0068769
 0.00753656
 0.00764978
 0.00732259
 0.00818024
 0.00683058
 0.00724094
 0.00724244
 0.00787639
 0.00728924
 0.00768287
 0.00761412
 0.00741921
 0.00755943
 0.00779407
 0.00825991
 0.00823897
 0.00809716
  0.0074933
 0.00788929
 0.00829807
 0.00832051
 0.00811373
 0.00686467
 0.00810996
 0.00759572
 0.00759549
 0.00782117
 0.00885555
  0.0086424
 0.00808585
 0.00882109
 0.00841345
 0.00758499
 0.00856632
 0.00819682
 0.00856903
 0.00809521
 0.00836329
 0.00822964
 0.00842887
 0.00833232
 0.00861203
  0.0083255
 0.00848367
 0.00943118
 0.00885152
 0.00843556
 0.00867225
 0.00873995
 0.00877556
 0.00836342
 0.00872553
  0.0091065
 0.00861486
 0.00889391
 0.00856424
 0.00865492
 0.00919876
 0.00901181
 0.00858262
 0.00859993
 0.00874594
 0.00868728
 0.00889927
 0.00895017
 0.00946051
 0.00931283
 0.00972293
 0.00905822
 0.00917509
  0.0095602
 0.00963479
 0.00927039
 0.00932707
 0.00924505
 0.00897428
  0.0090201
 0.00952476
 0.00951876
  0.0093815
 0.00948516
 0.00921525
 0.00955025
 0.00937235
 0.00976609
 0.00991994
  0.0096554
 0.00962207
 0.00974199
 0.00934248
 0.00996052
 0.00965958
  0.0100207
   0.010263
  0.0101339
 0.00974921
  0.0103855
  0.0100999
  0.0101524
  0.0101536
 0.00966542
  0.0101125
 0.00930386
 0.00986436
 0.00997146
  0.0102253
 0.00966402
  0.0100149
 0.00989139
  0.0100997
  0.0102899
  0.0100713
 0.00994687
  0.0102414
  0.0103839
  0.0103843
  0.0100315
  0.0105659
  0.0100591
  0.0101866
 0.00989552
   0.010382
  0.0105423
   0.010197
   0.010062
  0.0100498
  0.0106674
  0.0102585
  0.0110839
  0.0109547
  0.0103508
 0.00979765
  0.0101913
  0.0103351
  0.0107424
  0.0107846
  0.0103225
  0.0105983
  0.0106685
  0.0098811
  0.0101889
  0.0106937
   0.010072
  0.0100001
  0.0102749
  0.0101905
  0.0103051
  0.0104578
  0.0109053
  0.0108503
  0.0104078
  0.0106351
  0.0106388
  0.0105709
   0.010366
  0.0102264
  0.0104105
  0.0103733
  0.0105077
  0.0101632
  0.0103078
   0.010301
  0.0106465
  0.0101978
  0.0106752
  0.0104719
  0.0106845
  0.0101674
  0.0104017
 0.00976454
  0.0101637
  0.0104661
  0.0102094
  0.0100289
  0.0104378
  0.0105747
  0.0103798
  0.0102976
  0.0103859
  0.0107146
 0.00975589
  0.0104104
   0.010031
  0.0103706
 0.00967753
  0.0101414
  0.0104837
  0.0101554
  0.0098947
  0.0104064
 0.00987637
 0.00939752
  0.0097987
 0.00997978
 0.00954246
  0.0102067
 0.00973381
  0.0096497
 0.00949511
 0.00979595
  0.0098483
 0.00985765
 0.00972693
 0.00941817
 0.00979635
 0.00995853
 0.00913717
 0.00953701
 0.00936002
 0.00929062
 0.00912206
 0.00919137
 0.00936962
 0.00917349
 0.00942744
 0.00915707
 0.00918313
 0.00907284
 0.00908524
  0.0092635
  0.0090613
 0.00896629
 0.00914405
 0.00873291
 0.00881087
 0.00890891
  0.0088453
 0.00905334
 0.00853283
 0.00885604
 0.00866205
 0.00862079
 0.00870443
 0.00850075
 0.00836555
  0.0081593
 0.00826217
 0.00824895
 0.00833583
 0.00824773
 0.00813599
 0.00838223
  0.0081812
 0.00831216
 0.00828662
 0.00801193
 0.00755224
 0.00798156
 0.00767758
 0.00768082
 0.00787089
 0.00801193
 0.00752104
  0.0076739
 0.00777799
 0.00728357
  0.0070543
 0.00726031
 0.00745549
 0.00747763
 0.00737671
  0.0070364
 0.00695721
 0.00699876
 0.00688434
 0.00717381
 0.00701429
 0.00715014
  0.0069779
  0.0068955
 0.00664112
 0.00681383
 0.00669219
 0.00649887
 0.00639125
 0.00650735
  0.0064815
 0.00659981
  0.0063275
 0.00633201
 0.00635029
 0.00603692
 0.00606425
 0.00594288
 0.00618426
 0.00578755
 0.00585459
 0.00588972
 0.00596993
   0.005869
 0.00569339
 0.00561883
 0.00546014
 0.00544991
 0.00530284
 0.00549635
 0.00562217
 0.00525128
   0.005134
 0.00521599
 0.00522271
 0.00521689
  0.0049907
 0.00491022
 0.00504931
 0.00471833
 0.00491448
 0.00467137
 0.00475719
 0.00474277
 0.00448174
 0.00473094
 0.00449983
  0.0045196
  0.0043568
 0.00429913
 0.00425211
 0.00434226
 0.00424209
 0.00418255
 0.00405569
 0.00392183
  0.0039861
 0.00425896
 0.00376335
 0.00390147
 0.00386129
 0.00398518
 0.00358273
 0.00379176
  0.0036362
 0.00366093
 0.00354956
 0.00340185
 0.00345171
 0.00372647
 0.00331868
 0.00322685
 0.00344764
 0.00330105
 0.00313867
   0.003171
 0.00311264
 0.00301939
 0.00291939
 0.00290516
 0.00313654
 0.00270584
 0.00291765
 0.00284597
 0.00274612
 0.00271384
  0.0026892
 0.00275112
  0.0026533
 0.00239253
 0.00251094
 0.00242408
 0.00256092
 0.00245604
 0.00233449
  0.0022081
 0.00240161
 0.00223211
 0.00230832
 0.00221723
 0.00225453
 0.00206481
 0.00201159
 0.00206736
 0.00204758
 0.00198768
 0.00189364
 0.00187301
  0.0019288
 0.00181657
 0.00169962
 0.00175506
 0.00179135
 0.00172347
 0.00167681
  0.0016783
 0.00154017
 0.00154854
 0.00149413
 0.00153147
 0.00148731
 0.00132768
  0.0013747
 0.00130092
 0.00143376
 0.00127407
 0.00125787
 0.00125153
  0.0012405
 0.00123591
 0.00109631
 0.00119036
  0.0012326
 0.00111295
 0.00117975
 0.00105448
 0.00107914
  0.0010961
 0.00111463
0.000964411
 0.00103456
0.000887819
0.000913498
0.000906544
0.000909355
0.000871692
0.000874569
0.000884521
0.000882534
0.000869327
0.000879545
0.000752076
0.000845356
0.000839027
0.000705516
0.000716933
0.000695769
0.000716611
0.000642715
0.000711899
0.000706272
0.000640379
 0.00057228
0.000550198
0.000612315
0.000518397
0.000590203
0.000550388
0.000512591
 0.00047557
0.000480985
0.000457335
0.000460631
0.000472131
0.000461712
0.000469525
0.000439797
0.000391481
0.000394271
0.000396749
0.000337729
0.000371743
0.000387693
0.000374963
0.000335516
0.000348177
0.000334126
0.000293826
0.000315049
0.000333241
0.000297598
0.000278811
0.000270341
0.000240591
0.000257584
0.000268111
0.000247543
0.000260944
0.000198564
0.000220086
0.000229718
0.000222937
0.000190665
0.000194861
0.000201041
0.000189525
0.000183744
0.000191328
0.000191799
0.000201882
0.000155204
0.000162503
0.000188043
0.000152047
0.000127111
0.000141394
0.000137771
0.000111339
0.000151404
0.000118671
0.000100177
0.000120698
8.98668e-05
0.000105377
0.000100781
0.000107714
0.000124195
0.000122866
9.72877e-05
9.68307e-05
7.84578e-05
8.64382e-05
6.89657e-05
0.000104198
   8.11e-05
 8.3099e-05
7.67693e-05
7.79652e-05
5.93674e-05
7.90089e-05
6.23434e-05
5.31859e-05
 6.4501e-05
6.99454e-05
 5.2891e-05
 4.8042e-05
6.66607e-05
4.28684e-05
5.40779e-05
3.90429e-05
4.39411e-05
4.15112e-05
4.06538e-05
3.92792e-05
5.29697e-05
4.87268e-05
2.66478e-05
3.15064e-05
3.32541e-05
4.50311e-05
3.69876e-05
 2.3845e-05
3.14805e-05
2.29934e-05
2.65228e-05
3.33491e-05
2.18544e-05
2.56207e-05
2.68415e-05
1.84525e-05
1.94293e-05
  1.738e-05
1.86067e-05
 2.0833e-05
1.40314e-05
1.15056e-05
1.62296e-05
2.34296e-05
1.61731e-05
2.08644e-05
1.56212e-05
1.70793e-05
1.70498e-05
1.11003e-05
7.14119e-06
1.57328e-05
 1.2761e-05
1.22492e-05
8.07062e-06
5.37123e-06
9.50551e-06
2.11685e-05
8.25872e-06
6.78977e-06
6.29412e-06
1.37753e-05
2.17138e-06
6.74405e-06
6.49226e-06
2.40051e-06
5.27227e-06
9.56991e-06
5.97121e-06
6.67661e-06