          0
          0
 0.00152719
0.000859043
0.000824682
0.000477246
0.000981764
0.000536902
  0.0013575
0.000962129
 0.00102233
 0.00114539
0.000609972
0.000859043
  0.0010843
 0.00102011
0.000808511
 0.00118781
 0.00101848
 0.00105662
 0.00102072
0.000894541
 0.00110425
 0.00117522
  0.0010391
 0.00131652
 0.00122552
0.000942318
 0.00106231
 0.00102703
 0.00100475
 0.00123487
0.000978158
0.000882823
0.000922858
0.000877603
 0.00102157
 0.00121361
 0.00111828
 0.00109743
 0.00103637
 0.00101683
 0.00102398
 0.00106138
 0.00116236
 0.00103442
  0.0010811
 0.00118268
 0.00110198
 0.00111332
 0.00101064
 0.00112209
 0.00102143
 0.00100045
 0.00110298
 0.00106504
 0.00107665
0.000972425
 0.00102562
 0.00112439
 0.00101488
 0.00105034
 0.00103977
 0.00101676
0.000954809
  0.0011091
 0.00107931
0.000995034
 0.00103497
0.000992984
  0.0010102
 0.00103072
 0.00102653
 0.00105419
0.000906539
 0.00102145
0.000993934
 0.00107423
 0.00105436
 0.00104213
 0.00109197
0.000918834
  0.0009492
0.000991991
 0.00104108
 0.00101887
0.000970609
 0.00104674
 0.00100643
0.000974431
0.000909563
 0.00100804
0.000953897
 0.00100137
0.000996014
 0.00101117
 0.00101854
0.000909849
0.000913298
0.000981371
0.000909823
   0.001008
0.000974592
0.000954034
 0.00097553
0.000956294
0.000943004
0.000932103
0.000915368
0.000955029
0.000920887
0.000930265
0.000945089
0.000923029
0.000904448
0.000901689
0.000911192
0.000890878
0.000912851
0.000899132
0.000912965
0.000907525
0.000916676
0.000910443
0.000891756
0.000873761
0.000856434
0.000882952
0.000884596
0.000879579
0.000887226
0.000877187
0.000875701
0.000855599
0.000852963
0.000854213
0.000821833
0.000848037
 0.00088283
0.000837304
0.000888728
0.000823087
0.000857489
0.000830044
0.000847562
0.000804557
0.000800963
0.000819668
0.000777747
0.000813075
0.000777476
0.000786614
0.000812475
0.000779789
0.000775767
0.000807224
0.000779688
0.000799305
0.000776778
0.000757166
0.000777484
0.000764118
 0.00074533
0.000765397
0.000738856
0.000744945
0.000777448
 0.00076262
0.000756269
0.000738599
0.000715649
0.000757412
0.000724571
0.000722055
0.000731667
0.000719382
  0.0007342
0.000723154
0.000719815
0.000718627
0.000693087
0.000707173
0.000710034
0.000689244
0.000689544
0.000693969
0.000683422
0.000678699
0.000671824
0.000678763
 0.00067224
0.000661247
0.000670925
0.000640288
 0.00067874
0.000647592
0.000634394
0.000670073
 0.00065329
 0.00063552
 0.00063304
0.000620724
0.000615374
0.000629172
0.000632207
 0.00062325
 0.00063689
0.000601632
0.000604778
0.000598019
0.000589817
0.000574785
0.000585003
0.000589903
0.000574319
0.000582638
0.000565532
0.000552547
0.000563489
0.000548368
0.000559528
0.000556799
0.000556584
 0.00053882
0.000536281
0.000532487
0.000535741
  0.0005216
0.000518889
0.000533874
0.000524947
0.000515707
 0.00050591
0.000522555
0.000504615
0.000501643
 0.00050372
0.000483663
0.000477037
0.000487746
0.000473176
0.000475727
0.000491431
0.000458668
0.000465522
0.000466912
 0.00044275
0.000459859
0.000447139
0.000435542
0.000447023
0.000453655
0.000435742
0.000445207
0.000437336
0.000429679
0.000431544
0.000404614
0.000416863
0.000403445
0.000403689
0.000403166
0.000388432
0.000403194
0.000395606
0.000390404
0.000387533
0.000375222
0.000379655
0.000375434
0.000365416
0.000365521
0.000348371
0.000339974
0.000352591
0.000354461
0.000359296
0.000343288
0.000329928
0.000341514
0.000333473
0.000329384
0.000330407
0.000321651
0.000318214
0.000319269
0.000322888
0.000319034
0.000308149
0.000301901
0.000307012
0.000306202
 0.00029523
0.000287739
0.000281646
0.000287119
0.000279891
0.000273914
0.000262515
 0.00027058
0.000263854
0.000273827
0.000254506
0.000252314
  0.0002531
0.000252476
0.000249048
0.000245586
0.000243315
0.000240532
0.000246235
    0.00024
0.000227175
0.000234338
0.000225096
0.000217755
 0.00021758
0.000216044
 0.00021979
0.000213049
0.000209923
0.000198016
0.000208847
0.000199344
0.000206414
 0.00019697
0.000201391
0.000197034
0.000185934
0.000191056
 0.00018084
0.000185052
0.000182083
0.000170552
0.000177619
0.000176959
0.000172188
0.000164283
0.000165319
0.000156025
0.000164833
0.000155586
 0.00015912
0.000157151
0.000157425
0.000156085
0.000149251
0.000151033
0.000140747
  0.0001423
0.000143303
0.000139606
0.000130736
  0.0001371
 0.00013333
0.000131904
0.000128713
0.000128611
0.000127096
0.000121645
0.000122158
0.000121851
0.000116018
0.000117586
0.000117071
0.000111866
0.000118758
0.000103828
0.000104048
0.000106147
0.000108771
0.000106052
9.84946e-05
9.97374e-05
0.000101014
9.33563e-05
9.37321e-05
  9.581e-05
9.31042e-05
9.08777e-05
8.38443e-05
8.38298e-05
8.79839e-05
 8.5429e-05
8.63999e-05
8.29086e-05
8.30313e-05
7.97507e-05
7.74792e-05
7.00338e-05
7.42387e-05
7.46878e-05
7.09265e-05
7.47283e-05
7.28748e-05
7.51586e-05
7.03765e-05
6.60536e-05
6.06723e-05
6.70698e-05
6.61588e-05
6.22791e-05
5.93046e-05
6.09693e-05
6.01029e-05
6.07244e-05
5.90158e-05
5.73232e-05
5.38388e-05
  5.235e-05
5.33365e-05
5.21871e-05
5.22369e-05
5.04011e-05
4.96597e-05
5.07515e-05
4.61018e-05
4.38362e-05
4.44492e-05
4.24262e-05
4.36789e-05
4.43212e-05
4.05399e-05
3.93359e-05
3.89988e-05
3.91378e-05
3.86343e-05
3.59592e-05
3.96939e-05
3.68892e-05
3.70326e-05
3.59776e-05
 3.5775e-05
3.74893e-05
3.41756e-05
3.41998e-05
3.27119e-05
3.16134e-05
2.95974e-05
3.02973e-05
3.03897e-05
 3.0481e-05
2.85926e-05
2.82374e-05
2.79891e-05
2.66373e-05
2.70169e-05
 2.6263e-05
2.43565e-05
2.43332e-05
2.62526e-05
2.42024e-05
2.40455e-05
2.30227e-05
2.16602e-05
2.24907e-05
2.20963e-05
2.14921e-05
2.11865e-05
2.01851e-05
1.94185e-05
1.79662e-05
1.87702e-05
1.80989e-05
1.88634e-05
1.69312e-05
1.80247e-05
1.72104e-05
1.69027e-05
1.81375e-05
1.50711e-05
1.67811e-05
1.46829e-05
1.52021e-05
1.49859e-05
1.50292e-05
1.42866e-05
1.26177e-05
1.30443e-05
1.34226e-05
1.21044e-05
1.28233e-05
1.22253e-05
1.09427e-05
1.11167e-05
1.05473e-05
9.59125e-06
1.03889e-05
1.01309e-05
 1.0204e-05
1.03621e-05
1.00361e-05
 1.0363e-05
  9.434e-06
9.94285e-06
9.28824e-06
9.23699e-06
9.22764e-06
7.82451e-06
7.53209e-06
7.33778e-06
6.83133e-06
7.07582e-06
7.73767e-06
7.01989e-06
7.22032e-06
7.24533e-06
6.91059e-06
6.29989e-06
6.59227e-06
5.35584e-06
6.01655e-06
5.61447e-06
5.80074e-06
 5.4673e-06
4.83957e-06
5.77219e-06
5.13523e-06
4.66897e-06
5.22288e-06
4.75979e-06
4.36325e-06
4.43452e-06
4.38007e-06
3.66525e-06
3.78794e-06
4.40457e-06
3.90721e-06
4.13803e-06
3.64535e-06
3.36353e-06
3.82439e-06
3.14481e-06
 3.6753e-06
3.06131e-06
 2.4758e-06
2.75257e-06
2.37433e-06
2.99239e-06
2.87526e-06
2.34807e-06
3.05293e-06
3.09997e-06
2.42674e-06
2.82275e-06
2.59342e-06
2.50355e-06
2.10539e-06
2.56515e-06
2.77166e-06
 1.8788e-06
2.33436e-06
3.05628e-06
2.21677e-06
1.98568e-06
2.16751e-06
1.65025e-06
1.68849e-06
1.46252e-06
2.12569e-06
 1.6814e-06
1.90388e-06
1.61527e-06
1.60955e-06
1.36704e-06
1.54456e-06
1.61393e-06
1.26743e-06
1.13562e-06
1.18452e-06
1.19092e-06
1.41781e-06
1.25588e-06
1.26193e-06
1.12244e-06
1.02533e-06
1.27981e-06
5.96551e-07
8.50738e-07
7.45662e-07
7.43097e-07
7.10113e-07
1.02108e-06
5.74281e-07
8.63499e-07
 7.6049e-07
9.97238e-07
7.75202e-07
6.24001e-07
9.37766e-07
4.03352e-07
7.45153e-07
5.37438e-07
6.81711e-07
8.15306e-07
7.25511e-07
4.82055e-07
4.51617e-07
5.45879e-07
3.05438e-07