          0
          0
          0
          0
0.000183109
          0
          0
0.000119212
0.000244899
          0
0.000163941
0.000169546
          0
2.33558e-05
  0.0001492
0.000149015
6.86395e-05
0.000150707
0.000139488
0.000202183
0.000103803
 0.00018601
0.000126919
7.68253e-05
0.000195316
 8.5776e-05
5.65152e-05
0.000149866
  4.536e-05
0.000127159
4.44594e-05
 0.00020415
0.000121905
0.000124079
0.000203039
 8.8305e-05
6.79916e-05
0.000109899
0.000129416
0.000112536
 0.00012436
 9.2558e-05
0.000121314
9.85221e-05
0.000198933
0.000175956
6.00969e-05
0.000177493
 9.2152e-05
 0.00013428
0.000168372
0.000108349
0.000102126
0.000114077
0.000110975
 0.00012943
0.000125398
0.000121565
0.000161314
0.000115291
0.000136967
0.000184189
0.000129946
0.000119957
0.000113044
0.000136267
0.000155004
0.000151139
9.42276e-05
9.15546e-05
0.000168301
7.91801e-05
0.000134866
0.000131803
0.000130754
0.000164849
0.000130483
 0.00013368
0.000117114
0.000160697
0.000203269
0.000124133
0.000157708
0.000155489
0.000136645
0.000164846
0.000123379
 0.00015133
0.000114814
0.000153156
0.000156995
0.000197049
0.000138318
0.000185472
 0.00018294
0.000149015
0.000178555
 0.00016921
0.000174372
0.000148624
0.000191618
0.000213985
0.000196186
0.000183262
 0.00018477
0.000177634
0.000193787
0.000140765
0.000212813
0.000183488
0.000223543
 0.00020266
0.000260034
0.000186805
0.000214377
 0.00022113
0.000250473
0.000243177
0.000260766
0.000248702
0.000216677
0.000237539
 0.00027333
0.000283925
0.000256743
0.000296512
0.000287604
0.000276422
0.000291226
0.000268343
0.000305787
0.000286108
 0.00030011
0.000317147
0.000332309
 0.00033206
0.000352352
0.000346382
0.000340232
0.000381244
0.000361119
0.000367402
0.000400935
0.000360947
0.000370428
0.000437385
0.000392264
  0.0004161
 0.00038201
 0.00044109
0.000427905
0.000447655
0.000454142
0.000470654
0.000462314
0.000496472
0.000496421
0.000492479
0.000474474
0.000482807
0.000527631
0.000522358
0.000517864
0.000488137
0.000555885
0.000542231
0.000557368
0.000550536
0.000538324
0.000598167
0.000569066
0.000605588
0.000585657
0.000594266
0.000649278
0.000670147
0.000633227
0.000628491
0.000700306
0.000661557
0.000667961
0.000743377
0.000704518
 0.00067669
0.000671489
0.000716819
0.000769566
 0.00074098
0.000754689
0.000769042
 0.00080907
0.000741058
0.000774487
0.000778159
0.000819477
0.000789528
0.000791402
0.000831419
0.000857031
 0.00083719
0.000813547
0.000867365
0.000818887
0.000836838
0.000848373
0.000908584
0.000880989
 0.00087021
0.000890967
0.000883471
0.000925842
 0.00094198
0.000920779
0.000921157
0.000928453
0.000946662
0.000953544
0.000904231
  0.0009608
0.000940547
0.000951862
0.000936587
0.000949655
0.000971788
  0.0009824
 0.00101226
0.000965935
0.000976443
0.000973869
0.000957227
0.000949272
0.000939972
0.000987798
0.000964269
  0.0010164
0.000998817
0.000993014
0.000972887
0.000989393
0.000995895
 0.00100165
 0.00101134
 0.00096833
0.000983527
0.000999741
 0.00102726
0.000990495
 0.00103924
 0.00102121
0.000993843
 0.00101144
 0.00100411
 0.00100815
0.000990105
 0.00101929
 0.00099281
 0.00100407
 0.00101794
 0.00099401
  0.0010055
 0.00103546
 0.00100828
 0.00100204
0.000991307
0.000970194
 0.00100507
0.000972645
0.000964125
0.000987336
0.000960925
0.000979652
0.000993912
0.000971718
0.000950574
0.000934997
0.000927593
0.000930036
 0.00092389
0.000918553
0.000936216
0.000914993
0.000909974
0.000902182
0.000890108
0.000901625
0.000872889
0.000909388
0.000908272
0.000888587
0.000856269
0.000848737
0.000848213
0.000846414
0.000808607
0.000839325
0.000838766
0.000814116
0.000810947
0.000825501
 0.00082433
0.000755603
0.000791665
0.000759008
0.000752272
0.000761798
 0.00075114
0.000746222
0.000744602
0.000721252
0.000707968
0.000722859
0.000664811
0.000712389
0.000685031
0.000665064
0.000675409
0.000642881
 0.00061962
0.000628907
0.000631703
0.000638998
0.000605381
0.000629384
0.000608149
0.000571517
 0.00058638
0.000556742
0.000571748
0.000537968
 0.00054476
0.000537114
0.000520219
0.000541236
0.000523309
0.000514723
0.000525613
  0.0005053
 0.00046704
0.000470157
0.000473283
0.000447481
0.000455605
0.000451097
0.000430516
0.000435011
0.000429581
0.000423053
0.000415724
 0.00039067
0.000385825
0.000403137
0.000387574
0.000372939
0.000360522
0.000363857
0.000354363
 0.00035116
0.000345153
0.000356138
0.000326929
0.000331056
0.000322103
0.000316232
0.000304063
0.000307427
0.000288742
0.000284758
0.000279787
0.000287092
0.000271231
0.000265525
 0.00025638
0.000250653
0.000253395
0.000248844
0.000245266
0.000216472
 0.00022322
   0.000223
 0.00021796
0.000218215
0.000201933
 0.00019184
0.000204036
0.000194814
0.000185705
0.000183473
0.000177917
0.000172879
0.000168051
0.000174448
0.000161296
0.000150873
0.000151976
0.000150669
0.000153578
0.000138689
0.000136471
0.000133507
0.000130036
0.000135357
0.000122202
0.000126792
0.000120247
0.000117059
0.000108873
0.000104488
0.000103665
0.000102566
9.90162e-05
9.45874e-05
8.76384e-05
9.08734e-05
8.92509e-05
8.72354e-05
8.87122e-05
8.51194e-05
8.18481e-05
8.34309e-05
7.24548e-05
6.92958e-05
 7.1444e-05
6.88041e-05
6.88703e-05
 6.1011e-05
7.16726e-05
6.00726e-05
6.53983e-05
5.78224e-05
5.14468e-05
 5.4642e-05
5.34736e-05
5.06713e-05
4.56989e-05
5.04887e-05
4.23266e-05
4.31559e-05
4.18296e-05
4.09187e-05
3.98581e-05
3.78023e-05
3.67176e-05
3.41883e-05
3.32837e-05
3.68176e-05
3.80948e-05
2.88749e-05
2.79859e-05
2.87318e-05
2.60799e-05
2.85075e-05
2.84039e-05
2.55794e-05
2.56816e-05
2.29596e-05
 2.3813e-05
2.22038e-05
2.07175e-05
2.13589e-05
1.89657e-05
1.84814e-05
1.80298e-05
1.75106e-05
1.58547e-05
1.45516e-05
1.56487e-05
 1.4889e-05
1.52574e-05
1.41102e-05
1.55976e-05
1.27388e-05
1.42876e-05
1.49366e-05
1.13488e-05
1.21126e-05
1.29373e-05
1.08778e-05
1.06187e-05
9.66991e-06
1.02986e-05
7.26149e-06
8.61725e-06
9.47116e-06
7.27598e-06
6.68812e-06
6.62832e-06
6.72981e-06
5.15164e-06
6.70678e-06
6.01848e-06
 5.4813e-06
5.00517e-06
5.18579e-06
4.41448e-06
3.84864e-06
4.15566e-06
5.02235e-06
3.42094e-06
5.50919e-06
4.09554e-06
 3.8482e-06
2.53103e-06
4.29411e-06
2.79933e-06
3.32676e-06
2.84876e-06
2.34482e-06
3.12202e-06
2.73282e-06
2.65172e-06
4.09058e-06
3.02104e-06
1.83803e-06
2.06769e-06
1.83529e-06
2.18924e-06
1.41579e-06
1.39896e-06
2.00538e-06
1.26407e-06
1.14679e-06
 1.2768e-06
1.67916e-06
1.43935e-06
9.41151e-07
9.98242e-07
1.01094e-06
7.49862e-07
6.97955e-07
9.77799e-07
7.19766e-07
5.87668e-07
 6.4992e-07
5.83274e-07
5.27784e-07
7.22334e-07
6.40274e-07
 4.5338e-07
5.25232e-07
4.29097e-07
5.89132e-07
4.93462e-07
2.84637e-07
6.65152e-07
  6.884e-07
2.25214e-07
4.13085e-07
6.14827e-07
5.16398e-07
2.47172e-07
6.18203e-07
4.65729e-07
6.08749e-07
1.83955e-07
4.90431e-07
 2.1225e-07
2.90182e-07
2.98944e-07
4.83438e-07
1.99497e-07
2.61816e-07
8.21306e-08
3.36985e-08
1.24722e-07
2.48562e-07
3.23896e-07
2.08841e-07
2.83781e-08
2.02662e-07
7.51448e-08
3.74409e-08
2.23861e-07
2.50965e-07
8.79951e-08
1.43072e-07
8.27859e-08
1.64998e-07
7.76465e-08
1.13792e-07
 1.3608e-07
          0
1.21632e-07
1.30194e-07
 1.4317e-07
4.90467e-08
1.42195e-07
1.50568e-07
          0
2.19922e-08
          0
2.18436e-08
5.66016e-08
          0
          0
4.74119e-08
          0
          0
4.26704e-08
          0
1.69546e-08