          0
          0
          0
          0
 0.00224211
          0
  0.0108674
          0
 0.00173002
 0.00280263
 0.00324272
 0.00914749
 0.00497509
 0.00243086
 0.00572983
 0.00996249
 0.00581862
 0.00475756
  0.0121887
 0.00518487
  0.0127104
 0.00492198
  0.0118145
 0.00559554
  0.0109415
    0.01165
  0.0144937
  0.0145494
 0.00986421
  0.0108369
  0.0125404
  0.0155185
  0.0107576
  0.0162679
  0.0181656
  0.0160459
  0.0157021
  0.0155659
  0.0172654
  0.0171837
  0.0169225
  0.0178263
  0.0181285
   0.020846
  0.0190718
  0.0199602
  0.0181048
  0.0208495
  0.0190617
  0.0198314
  0.0228111
  0.0197242
  0.0206132
   0.020741
  0.0216984
  0.0228161
  0.0223848
  0.0204449
  0.0209896
  0.0235421
  0.0239139
  0.0256787
  0.0234506
  0.0241536
  0.0246698
  0.0239215
  0.0266715
  0.0259171
  0.0279204
  0.0284382
  0.0289215
  0.0294861
  0.0287469
  0.0296795
  0.0305525
  0.0320537
  0.0315243
  0.0270267
   0.031812
  0.0308202
  0.0333702
  0.0351746
  0.0320458
  0.0314502
  0.0323166
  0.0305577
  0.0364909
  0.0339038
  0.0355451
  0.0351264
  0.0365855
  0.0366852
  0.0344262
  0.0343002
  0.0349732
  0.0373654
  0.0378172
  0.0377469
  0.0370253
  0.0374432
  0.0382028
  0.0372419
  0.0438531
  0.0389171
  0.0403478
  0.0394978
  0.0385622
  0.0423687
  0.0391298
  0.0410459
  0.0419519
  0.0428282
  0.0439436
  0.0411855
  0.0415828
   0.042933
  0.0434389
  0.0434424
   0.044932
  0.0455448
  0.0443586
   0.041292
   0.043076
  0.0420559
   0.043913
  0.0442868
  0.0436321
  0.0431497
  0.0442315
  0.0461025
  0.0454846
  0.0438555
  0.0448479
  0.0437127
  0.0432167
  0.0448018
  0.0448341
   0.045183
  0.0455419
  0.0459175
  0.0459578
  0.0455685
  0.0445757
  0.0472296
   0.045606
  0.0467097
  0.0471956
  0.0449952
  0.0447631
  0.0457353
   0.047092
  0.0461324
  0.0446334
    0.04597
  0.0447722
  0.0454253
  0.0447246
  0.0442927
  0.0452805
  0.0431299
  0.0428488
  0.0447413
  0.0443554
  0.0441882
  0.0446126
  0.0453623
  0.0419898
   0.043525
  0.0435502
  0.0427048
  0.0425451
  0.0413565
    0.04207
  0.0412332
  0.0416831
  0.0428131
  0.0420927
  0.0415159
  0.0403623
  0.0424764
  0.0403281
  0.0413948
  0.0405068
  0.0385205
  0.0400779
  0.0391005
  0.0379781
  0.0387257
  0.0387564
  0.0383309
  0.0364448
   0.035962
  0.0368438
  0.0364068
  0.0357374
  0.0353919
  0.0340918
  0.0353696
  0.0344468
  0.0323872
  0.0337515
  0.0329731
  0.0322362
  0.0325176
  0.0323318
  0.0319269
  0.0319351
  0.0312543
  0.0297465
  0.0296234
  0.0307672
  0.0289742
  0.0291914
  0.0285325
  0.0278099
  0.0282877
  0.0268836
  0.0271677
  0.0270791
  0.0264027
  0.0261568
  0.0270721
  0.0255257
  0.0252631
  0.0236899
  0.0247258
  0.0244138
  0.0234302
  0.0236076
  0.0228142
  0.0224301
  0.0224533
   0.022232
  0.0223275
  0.0213589
  0.0200581
  0.0203862
  0.0203241
  0.0202815
   0.019291
  0.0198521
  0.0193946
  0.0190578
  0.0188534
   0.018668
  0.0174472
  0.0176701
  0.0174253
  0.0171193
  0.0166216
  0.0165597
   0.016497
  0.0161851
   0.015885
  0.0152163
  0.0154231
  0.0148107
  0.0148877
  0.0146852
   0.014264
  0.0143837
  0.0138686
  0.0131175
  0.0136171
  0.0132695
  0.0132424
  0.0123221
  0.0128234
  0.0121554
  0.0121248
  0.0120549
  0.0114656
  0.0111016
  0.0112414
   0.011096
    0.01049
  0.0102942
  0.0101481
  0.0102113
  0.0101031
 0.00954502
 0.00993208
  0.0093301
  0.0093288
 0.00899603
 0.00841071
 0.00867102
 0.00831154
 0.00866585
 0.00799834
 0.00785543
 0.00728401
 0.00756247
 0.00696249
 0.00704869
 0.00696852
 0.00682413
 0.00661745
 0.00665289
 0.00648063
 0.00628544
 0.00598084
 0.00591396
 0.00606283
 0.00565378
 0.00559114
 0.00554526
 0.00557785
 0.00492804
 0.00522731
 0.00508711
   0.004794
 0.00463954
 0.00466092
 0.00424272
 0.00440311
 0.00416537
 0.00407935
  0.0037605
 0.00373758
 0.00361124
 0.00376535
 0.00334933
 0.00346672
 0.00314134
 0.00316429
 0.00311273
 0.00305131
 0.00305817
 0.00288061
 0.00275349
  0.0026126
  0.0025987
 0.00245101
 0.00274407
 0.00261258
 0.00231749
 0.00246939
 0.00231267
 0.00229278
   0.002188
 0.00218313
 0.00194507
 0.00208772
 0.00205444
 0.00181667
 0.00195029
  0.0017609
 0.00175175
 0.00162324
  0.0018126
 0.00163086
 0.00157485
 0.00154382
 0.00138614
 0.00142613
 0.00132821
 0.00141155
 0.00131693
 0.00131114
 0.00123356
 0.00127017
 0.00112387
 0.00129475
 0.00109181
 0.00108334
 0.00103417
0.000947843
0.000894342
0.000873546
0.000895517
0.000834609
0.000926429
0.000759787
0.000764908
0.000808422
0.000777715
 0.00071025
0.000700654
0.000682026
0.000596396
 0.00061402
0.000546813
0.000511277
0.000544361
0.000524991
0.000477931
0.000520523
0.000391907
0.000417355
0.000428789
0.000406359
0.000309934
0.000315223
0.000350094
0.000329026
0.000313145
0.000281141
0.000288008
0.000283416
0.000263704
0.000208111
 0.00020242
0.000225631
0.000197351
 0.00020216
 0.00020709
0.000195974
0.000162347
0.000160722
0.000157784
0.000154377
0.000125862
0.000167443
0.000131487
0.000118547
9.15467e-05
0.000101054
9.59429e-05
8.15052e-05
8.44391e-05
0.000101351
7.12684e-05
6.92178e-05
6.59443e-05
6.74883e-05
5.39533e-05
4.71226e-05
7.30959e-05
8.18509e-05
5.00899e-05
 4.7906e-05
2.49636e-05
4.21089e-05
3.85089e-05
2.63904e-05
3.59559e-05
3.52075e-05
4.81355e-05
2.93871e-05
3.41537e-05
3.62946e-05
2.59914e-05
1.81974e-05
2.30693e-05
 2.1557e-05
4.10978e-05
1.66172e-05
1.62652e-05
2.04835e-05
1.66724e-05
1.16603e-05
2.18519e-05
6.66271e-06
1.96296e-05
1.60392e-05
1.06014e-05
1.05551e-05
7.58256e-06
8.74168e-06
6.98941e-06
7.74702e-06
1.58194e-05
9.11231e-06
 6.9993e-06
4.51713e-06
  1.465e-05
3.71084e-06
3.44021e-06
 4.3137e-06
4.04273e-06
8.80604e-07
3.50754e-06
6.23706e-07
3.72649e-07
3.46346e-06
4.92708e-07
          0
9.77205e-07
8.51495e-07
1.33251e-06
          0
6.00679e-07
          0
          0
3.55971e-07
          0
          0
          0
          0
          0
          0
          0
          0
          0
          0
          0
          0
          0
          0
          0
          0
          0
          0
          0
          0
          0
          0
          0
          0
          0
          0
          0
          0
          0
          0
          0
          0
          0
          0
          0
          0
          0
          0
          0
          0
          0
          0
          0
          0
          0
          0
          0
          0
          0
          0
          0
          0
          0
          0
          0
          0
          0
          0
          0
          0
          0
          0
          0
          0
          0
          0
          0
          0
          0
          0
          0
          0
          0
          0
          0
          0
          0
          0
          0
          0
          0
          0
          0
          0
          0
          0
          0
          0
          0
          0
          0
          0
          0
          0
          0
          0
          0
          0
          0
          0
          0
          0
          0
          0
          0
          0
          0
          0
          0
          0
          0
          0
          0
          0