          0
          0
          0
 0.00539621
  0.0103607
  0.0215848
  0.0211443
  0.0215848
  0.0138569
  0.0198581
  0.0235471
  0.0143899
  0.0194136
  0.0149772
  0.0406754
  0.0212476
  0.0215102
  0.0207854
  0.0227209
  0.0265494
  0.0209486
  0.0214065
  0.0228497
  0.0221844
   0.021274
  0.0254165
  0.0183575
  0.0256595
  0.0212512
   0.024175
  0.0199452
  0.0252104
  0.0211686
  0.0269624
  0.0217787
  0.0233836
  0.0213168
  0.0233786
  0.0206057
   0.022826
  0.0237806
  0.0237384
  0.0201723
  0.0226552
  0.0197834
  0.0237882
  0.0213796
  0.0219221
  0.0234098
   0.023208
  0.0248296
  0.0231814
  0.0209317
  0.0240128
  0.0222342
  0.0232367
  0.0250594
  0.0220982
  0.0227196
  0.0237673
  0.0227392
  0.0238085
  0.0237983
  0.0240932
  0.0251355
  0.0236462
  0.0220993
  0.0241429
  0.0225959
  0.0226597
  0.0221286
  0.0220179
  0.0207221
  0.0239972
  0.0224559
  0.0221977
  0.0244645
  0.0225924
  0.0212355
  0.0221649
  0.0222658
  0.0220086
   0.023963
  0.0221967
  0.0220479
   0.020686
  0.0230649
  0.0230119
  0.0221925
  0.0213184
  0.0209462
  0.0212278
  0.0209235
  0.0227965
  0.0215633
  0.0207979
  0.0220414
  0.0216298
  0.0221729
  0.0213258
  0.0224291
  0.0216595
  0.0209887
   0.021513
  0.0211365
  0.0223686
  0.0218771
  0.0219698
  0.0214014
  0.0214707
   0.021499
  0.0215367
  0.0222999
  0.0210069
  0.0217073
  0.0207764
  0.0207318
  0.0209152
  0.0202115
  0.0214949
  0.0210821
  0.0202565
  0.0211269
  0.0203607
  0.0209259
  0.0212803
  0.0203148
  0.0213319
  0.0211996
  0.0201442
  0.0196818
   0.019682
  0.0199827
  0.0196759
  0.0199019
  0.0193069
  0.0199921
  0.0207053
  0.0198231
  0.0195012
  0.0205719
   0.020493
  0.0197218
  0.0193239
  0.0199576
  0.0198756
  0.0195661
  0.0182304
  0.0194527
  0.0187798
  0.0183539
  0.0185878
  0.0187771
  0.0189127
  0.0191115
  0.0183528
  0.0179971
   0.018237
   0.019511
  0.0185461
  0.0182098
  0.0182621
   0.017613
  0.0176075
  0.0170395
  0.0184109
  0.0178691
  0.0174184
  0.0168289
  0.0180626
  0.0171876
   0.017394
  0.0171415
  0.0175781
  0.0177077
  0.0172088
  0.0171086
  0.0166117
  0.0168901
   0.017076
  0.0164082
  0.0168748
  0.0164537
  0.0163671
  0.0156786
  0.0156901
  0.0159869
  0.0157905
  0.0159138
  0.0154143
  0.0151634
  0.0164837
  0.0151011
  0.0158405
  0.0152107
  0.0147345
  0.0151014
  0.0148942
  0.0142718
  0.0145806
  0.0146431
  0.0143652
  0.0138741
   0.014338
  0.0147696
  0.0143804
  0.0139718
  0.0140593
  0.0135574
  0.0137771
  0.0138582
  0.0134435
  0.0132167
  0.0129445
  0.0133287
  0.0130279
  0.0131941
  0.0126664
  0.0132441
  0.0125834
  0.0129648
  0.0124926
  0.0122142
  0.0119642
  0.0123629
  0.0116655
  0.0119199
  0.0117358
  0.0120122
  0.0118247
  0.0113893
  0.0115159
  0.0118546
  0.0111038
  0.0111284
  0.0113443
  0.0110935
  0.0109959
  0.0111112
   0.010737
  0.0103061
  0.0109376
  0.0104574
  0.0107315
  0.0103751
  0.0102538
  0.0100974
  0.0102393
 0.00961415
 0.00982888
 0.00969178
 0.00993724
  0.0096754
 0.00990716
 0.00962646
 0.00958565
 0.00961055
 0.00968406
 0.00935587
 0.00898517
 0.00900137
 0.00913152
 0.00891866
 0.00900236
 0.00878701
 0.00890532
 0.00864011
  0.0083161
 0.00842621
 0.00850484
 0.00850568
 0.00817367
 0.00805135
 0.00818244
 0.00793923
 0.00765965
 0.00783062
 0.00781684
 0.00813913
 0.00783332
 0.00774595
 0.00770523
 0.00743418
 0.00740226
 0.00745564
 0.00729593
  0.0070848
 0.00721056
 0.00712147
 0.00685582
 0.00707591
 0.00663362
 0.00669402
 0.00689329
 0.00650435
 0.00664278
 0.00654918
 0.00639447
 0.00650242
 0.00636705
 0.00635817
 0.00603876
 0.00602812
 0.00603337
 0.00588342
 0.00592156
 0.00587664
 0.00567562
 0.00571491
 0.00585598
 0.00550595
 0.00562593
 0.00558916
 0.00551946
 0.00561152
 0.00539448
 0.00541033
 0.00520646
 0.00533931
 0.00515844
 0.00488922
 0.00470818
 0.00502996
 0.00494385
 0.00473692
 0.00526765
 0.00479784
 0.00460572
 0.00448284
 0.00462221
 0.00458802
 0.00446956
  0.0044739
 0.00450133
 0.00445218
   0.004259
  0.0041509
  0.0041959
 0.00402017
  0.0040929
 0.00390633
 0.00394847
 0.00379412
  0.0038881
  0.0037343
 0.00378991
 0.00366341
 0.00366877
 0.00378813
 0.00350503
 0.00360562
 0.00356635
 0.00363763
 0.00338286
 0.00350975
 0.00345396
 0.00322598
 0.00328209
  0.0031419
 0.00320575
 0.00321451
 0.00318294
 0.00325454
 0.00301057
 0.00318592
 0.00309441
 0.00285321
 0.00303728
 0.00287563
 0.00279074
 0.00282778
  0.0027346
 0.00275285
 0.00269803
  0.0025535
 0.00269383
 0.00272269
 0.00251736
 0.00253414
   0.002354
 0.00241304
 0.00241935
 0.00239261
 0.00223788
 0.00228452
 0.00227502
 0.00223733
 0.00226711
  0.0022258
 0.00213947
 0.00215395
 0.00209353
 0.00208513
 0.00208957
 0.00204802
 0.00192482
 0.00188829
  0.0019415
 0.00198167
 0.00182446
 0.00180732
 0.00183467
 0.00172669
 0.00176682
 0.00178916
 0.00158499
 0.00173149
   0.001695
 0.00161911
 0.00152648
 0.00159828
 0.00158341
 0.00155247
 0.00152029
 0.00150395
 0.00144883
 0.00141856
 0.00149084
 0.00148718
 0.00141696
  0.0014005
 0.00136139
 0.00136171
 0.00123571
 0.00137187
 0.00138494
 0.00125819
 0.00129379
 0.00129527
 0.00128599
 0.00126748
 0.00123894
  0.0012277
 0.00120647
 0.00116032
 0.00120042
 0.00121618
 0.00112242
 0.00109805
 0.00117067
 0.00108279
 0.00110441
 0.00109503
 0.00103886
 0.00106646
 0.00103738
 0.00095453
 0.00102211
0.000964033
0.000965722
 0.00097333
0.000910286
0.000952973
0.000931187
0.000862873
 0.00081674
0.000798287
0.000870951
0.000763478
0.000813614
0.000857621
0.000809417
0.000822437
0.000797642
0.000795412
0.000753436
0.000770799
0.000688668
0.000708501
 0.00072855
0.000702886
0.000694873
0.000632507
0.000629841
0.000619922
0.000636373
0.000607904
0.000629169
 0.00064837
0.000616817
0.000605299
0.000584208
0.000558475
 0.00055359
0.000591685
0.000538808
0.000509294
0.000564855
0.000564713
 0.00051854
0.000492793
0.000510766
0.000521484
0.000474797
0.000465128
0.000440794
 0.00046314
0.000402098
 0.00042268
0.000412702
0.000412088
0.000410106
0.000419397
0.000400399
0.000376809
0.000372961
0.000359063
0.000316499
0.000345583
0.000351532
0.000380908
0.000368223
0.000350713
0.000354579
 0.00033953
0.000306113
0.000306545
 0.00032306
0.000310598
0.000285776
0.000293268
0.000282006
0.000273353
0.000314132
0.000295394
0.000285534
0.000276991
0.000296073
0.000269655
0.000253578
0.000250786
0.000230321
0.000242526
0.000227085
 0.00024524
0.000207963
0.000238028
0.000215666
0.000239236
0.000237463
0.000225966
0.000231305
0.000212592
0.000208893
0.000205511
0.000193754
0.000193334
0.000191479
 0.00017073
0.000191516
0.000181153
0.000190698
0.000162623
0.000182572
0.000181915
0.000165341
0.000185898
0.000148075
0.000142296
0.000159959
   0.000155
0.000155816
0.000132654
 0.00014847
0.000130094
0.000136372
 0.00013992
0.000151203
0.000122671
0.000141109
9.63914e-05
0.000113471
0.000118861
0.000116875
0.000110201
 0.00010019
8.86918e-05
9.40708e-05
9.16857e-05
9.00866e-05
9.82173e-05
 9.5586e-05
8.10331e-05
8.98693e-05
 8.2246e-05
8.07084e-05
8.46934e-05
9.03988e-05
 6.0974e-05
7.81296e-05
5.46294e-05
6.67628e-05
5.84355e-05
6.28882e-05
6.70668e-05
6.34391e-05
6.51647e-05
5.91524e-05
5.41424e-05
5.51613e-05