 0.00219365
 0.00486418
 0.00400579
 0.00562719
 0.00562719
 0.00640609
 0.00580431
 0.00553181
 0.00616765
 0.00597054
  0.0055058
 0.00572256
  0.0058913
 0.00575662
 0.00614222
 0.00638423
 0.00637897
 0.00606168
 0.00641027
 0.00636158
 0.00605865
   0.005948
  0.0062492
 0.00625905
 0.00651228
 0.00587296
 0.00666572
 0.00624032
 0.00664343
 0.00627574
 0.00652249
 0.00665546
 0.00654626
 0.00623591
  0.0065101
 0.00619414
 0.00633348
 0.00635255
 0.00637308
 0.00634966
 0.00609243
 0.00654007
 0.00639685
 0.00628831
 0.00627998
  0.0064524
 0.00635367
 0.00656902
 0.00626367
  0.0064417
 0.00638271
 0.00638469
 0.00662054
 0.00633014
 0.00634858
 0.00635443
 0.00654413
 0.00666152
 0.00618651
 0.00623282
 0.00627449
 0.00622713
 0.00598901
 0.00637678
 0.00619504
 0.00629915
 0.00636742
 0.00610126
 0.00652289
 0.00606592
 0.00655408
 0.00597425
 0.00634185
 0.00628322
 0.00611678
 0.00648933
 0.00610407
 0.00608083
  0.0060763
 0.00623044
  0.0061441
 0.00616222
 0.00586275
 0.00598712
 0.00603562
 0.00628373
 0.00587823
 0.00611707
 0.00616836
  0.0060585
 0.00595943
 0.00599832
 0.00586511
 0.00594578
 0.00594644
 0.00599975
 0.00615618
 0.00595322
 0.00577651
 0.00593334
 0.00611634
 0.00540651
 0.00577627
 0.00590506
 0.00573982
 0.00579274
 0.00580724
 0.00589565
 0.00584594
 0.00590204
 0.00570194
 0.00578217
 0.00573607
 0.00572256
 0.00585194
 0.00570858
 0.00561577
 0.00575166
 0.00582916
  0.0056248
 0.00557043
 0.00565846
 0.00557291
 0.00562103
 0.00580726
 0.00548034
 0.00539062
 0.00541781
 0.00568781
 0.00521634
 0.00537236
 0.00538802
 0.00533102
 0.00515742
 0.00541877
 0.00532493
 0.00530207
 0.00537907
 0.00511668
 0.00517824
  0.0054432
 0.00518993
 0.00496489
 0.00506619
 0.00526541
 0.00496674
 0.00510813
 0.00512582
 0.00499156
  0.0051732
 0.00513894
 0.00484661
 0.00503311
 0.00479481
 0.00493125
 0.00495344
  0.0046959
  0.0048678
  0.0047832
 0.00492558
 0.00489913
 0.00481296
 0.00470678
 0.00465074
 0.00469192
 0.00469583
  0.0045969
 0.00457805
 0.00475582
 0.00464481
 0.00457693
 0.00456141
  0.0043873
 0.00450295
 0.00448594
 0.00437971
 0.00445519
 0.00441087
 0.00434787
 0.00436822
 0.00442524
 0.00434537
 0.00433987
  0.0041867
 0.00423934
 0.00412732
 0.00431589
  0.0041656
 0.00407644
 0.00406151
 0.00402776
 0.00415184
 0.00411748
 0.00398809
 0.00394563
 0.00403937
 0.00394237
 0.00402265
 0.00384667
 0.00387227
 0.00386771
 0.00384715
  0.0038874
 0.00384216
 0.00372804
 0.00380439
  0.0036911
 0.00373205
 0.00356679
 0.00351029
 0.00351987
 0.00353971
 0.00360638
  0.0034839
 0.00350806
 0.00340704
 0.00331267
 0.00339504
 0.00337736
 0.00332429
 0.00323415
 0.00317791
 0.00323637
   0.003276
 0.00316225
 0.00310985
 0.00313438
 0.00308508
 0.00316948
 0.00305079
 0.00303593
 0.00301709
 0.00298818
 0.00288777
 0.00296356
 0.00286694
 0.00289348
 0.00285807
 0.00278027
  0.0028283
 0.00274295
 0.00281753
  0.0027973
 0.00276161
 0.00267637
 0.00267441
 0.00269331
 0.00260515
 0.00259699
 0.00257019
 0.00257781
  0.0026236
  0.0025548
 0.00243397
  0.0024708
 0.00248835
 0.00240741
    0.00236
 0.00243669
 0.00234442
 0.00229962
 0.00232252
  0.0021708
 0.00216547
  0.0022192
 0.00225389
 0.00222151
 0.00215272
 0.00210253
 0.00208167
 0.00211904
 0.00199694
 0.00210246
 0.00209027
 0.00199631
 0.00205784
  0.0019454
 0.00199706
 0.00192188
 0.00186528
 0.00193943
 0.00183447
 0.00188528
 0.00188569
 0.00176195
 0.00174845
 0.00178456
 0.00175088
 0.00169994
 0.00165264
 0.00168072
 0.00165373
 0.00167315
 0.00161361
 0.00156772
  0.0015592
 0.00157772
 0.00152794
 0.00149699
 0.00148818
 0.00145314
 0.00143506
 0.00144386
 0.00145762
 0.00137279
 0.00134337
 0.00138031
 0.00136406
 0.00128495
 0.00134265
 0.00129693
 0.00129063
 0.00135873
 0.00128454
 0.00121506
 0.00119129
  0.0011415
  0.0011808
 0.00122105
 0.00109712
 0.00112193
 0.00110926
 0.00106715
 0.00110683
 0.00105324
0.000989453
 0.00106051
0.000997377
 0.00103986
 0.00100029
0.000924369
0.000965539
0.000973523
0.000962898
0.000907923
0.000913169
0.000898289
0.000888577
0.000887644
0.000891485
 0.00084412
0.000826034
0.000859497
0.000810419
0.000759691
0.000750879
0.000773453
0.000759719
0.000786237
0.000749928
0.000720891
0.000700418
0.000683303
0.000685145
0.000680528
0.000653433
0.000639848
 0.00064925
0.000648504
0.000596365
0.000639363
0.000569358
0.000599319
0.000594266
0.000601522
0.000560269
0.000548347
0.000562667
 0.00054279
0.000544932
0.000532923
0.000507134
0.000526486
0.000504677
0.000536649
0.000477387
0.000436908
0.000426669
0.000448947
 0.00041087
0.000466867
0.000456656
0.000421597
0.000412799
0.000389927
0.000413626
0.000383476
0.000383471
0.000350366
0.000364385
0.000355404
0.000342818
0.000352139
0.000336721
0.000341905
0.000332612
0.000311834
0.000282294
 0.00030812
0.000323086
0.000279231
0.000295381
0.000291098
0.000287781
0.000284715
0.000283074
0.000261288
0.000271167
0.000248584
0.000270542
0.000259673
0.000253719
0.000248255
0.000233602
0.000220859
0.000240274
0.000241528
0.000204899
 0.00019576
0.000217548
0.000203212
0.000178774
0.000181959
0.000190977
0.000183346
0.000168811
0.000167076
0.000160891
0.000152513
0.000167019
0.000146273
0.000152557
0.000137227
0.000147899
0.000130457
0.000152908
0.000150157
0.000130652
0.000146649
0.000132009
0.000137549
0.000119112
0.000110231
0.000104828
0.000109093
0.000125101
0.000113512
9.04795e-05
0.000110883
0.000100251
0.000107007
0.000105293
0.000100429
 9.5376e-05
0.000101455
 8.3454e-05
9.05759e-05
8.05907e-05
7.54281e-05
7.29834e-05
7.40664e-05
7.59705e-05
8.17803e-05
6.78321e-05
 7.0968e-05
7.26577e-05
8.33264e-05
 6.3584e-05
7.03627e-05
5.68198e-05
6.05466e-05
6.42576e-05
5.98873e-05
5.59378e-05
4.77884e-05
5.77065e-05
5.53861e-05
 5.4073e-05
5.55531e-05
4.62971e-05
4.71923e-05
4.82816e-05
4.64045e-05
4.86733e-05
3.57906e-05
5.33792e-05
4.81776e-05
4.88607e-05
  4.525e-05
 3.2895e-05
 3.2051e-05
4.07093e-05
2.95995e-05
3.14702e-05
2.87091e-05
2.80744e-05
3.70374e-05
3.63884e-05
2.52297e-05
2.93758e-05
2.07505e-05
2.24191e-05
2.88214e-05
2.42225e-05
2.13416e-05
2.94045e-05
 2.7089e-05
2.21543e-05
2.94185e-05
2.09453e-05
1.94112e-05
2.36577e-05
1.85918e-05
1.26178e-05
1.57417e-05
1.81141e-05
1.43894e-05
1.69394e-05
1.63554e-05
1.61406e-05
 1.4462e-05
1.31553e-05
1.53185e-05
1.40152e-05
1.21718e-05
1.66817e-05
2.20795e-05
1.33671e-05
 1.7128e-05
1.33167e-05
  1.401e-05
1.54179e-05
1.12733e-05
 1.0895e-05
1.14095e-05
 1.4947e-05
9.23567e-06
9.75034e-06
1.57485e-05
1.02441e-05
1.39274e-05
7.56673e-06
7.02586e-06
1.10454e-05
6.12507e-06
8.21002e-06
7.14884e-06
7.48389e-06
8.33889e-06
4.85551e-06
3.98121e-06
7.08409e-06
 6.3814e-06
4.64829e-06
5.32731e-06
5.83235e-06
3.93833e-06
3.93127e-06
7.67786e-06
4.93912e-06
6.12039e-06
3.39416e-06
 4.9128e-06
4.73498e-06
2.70091e-06
5.56079e-06
3.70066e-06
2.85456e-06
3.85527e-06
7.19503e-06
6.34727e-06
1.83415e-06
2.82966e-06
6.14793e-06
5.63963e-06
3.47725e-06
2.64474e-06
 3.1352e-06
1.97671e-06
 2.7955e-06
 1.9699e-06
 2.7859e-06
1.30876e-06
4.89945e-07
2.44554e-06
2.27861e-06
2.11225e-06
2.27086e-06
2.91472e-06
2.58647e-06
4.84142e-07
1.44997e-06
1.44753e-06
3.69301e-06
1.76325e-06
9.60161e-07
1.59759e-06
2.39238e-06
1.91071e-06
1.27168e-06