 0.00377754
 0.00512257
 0.00536105
 0.00884287
  0.0102566
 0.00661069
  0.0067129
 0.00999474
  0.0103978
 0.00793855
 0.00922011
  0.0066727
 0.00770037
 0.00794755
  0.0079252
 0.00867117
 0.00791532
 0.00917993
 0.00894379
 0.00844223
  0.0109456
 0.00910303
 0.00814983
 0.00920536
 0.00903862
  0.0112534
  0.0102663
 0.00819489
   0.010778
  0.0105485
  0.0108581
  0.0106225
  0.0101168
  0.0094994
 0.00859513
 0.00981747
 0.00957688
 0.00979178
  0.0111462
  0.0112883
  0.0106388
  0.0102302
  0.0103836
  0.0098562
  0.0102248
   0.010336
  0.0109782
  0.0105075
  0.0115686
 0.00991089
 0.00979624
   0.010648
     0.0105
  0.0114248
  0.0115064
  0.0117098
  0.0119251
  0.0111106
  0.0115315
  0.0108709
  0.0108231
  0.0108461
  0.0108257
  0.0120865
  0.0113943
  0.0105088
  0.0114496
  0.0130573
  0.0115018
  0.0117602
   0.012063
  0.0118628
  0.0121778
  0.0116915
  0.0111983
  0.0124389
  0.0107543
  0.0119659
  0.0107414
  0.0128601
  0.0121318
  0.0131928
  0.0118629
  0.0126981
  0.0117844
  0.0125193
  0.0127096
  0.0122386
  0.0126149
  0.0134586
  0.0119452
  0.0133016
  0.0125321
    0.01318
  0.0125406
  0.0128327
  0.0132692
  0.0126566
  0.0124449
   0.013001
  0.0147084
  0.0127399
  0.0134114
  0.0136749
  0.0133141
  0.0130086
  0.0128748
  0.0133926
  0.0149111
  0.0121792
  0.0129775
  0.0143273
  0.0139092
  0.0133208
  0.0135469
  0.0143153
  0.0139028
  0.0135842
  0.0139135
   0.014948
  0.0144243
   0.013919
   0.013166
  0.0139747
  0.0140328
  0.0143357
  0.0132327
  0.0137879
  0.0132032
  0.0131738
  0.0144832
  0.0140392
  0.0136806
  0.0149376
   0.013452
  0.0142213
  0.0136772
  0.0140119
  0.0128141
  0.0138534
    0.01255
  0.0125059
  0.0139314
  0.0130588
  0.0134626
  0.0139549
  0.0131544
  0.0144295
  0.0128384
  0.0127219
  0.0132157
  0.0140355
  0.0129322
  0.0137607
   0.013002
  0.0125812
  0.0135094
   0.013359
  0.0123625
  0.0137612
  0.0132928
  0.0133164
  0.0131238
    0.01351
  0.0135055
  0.0127139
  0.0124808
  0.0129669
  0.0136004
  0.0130894
  0.0125098
  0.0122397
  0.0131469
  0.0129017
  0.0129107
  0.0128572
   0.012457
  0.0125294
  0.0119584
  0.0125422
  0.0122013
  0.0129528
  0.0127876
  0.0117497
  0.0127681
  0.0128423
  0.0119383
  0.0123205
  0.0126736
  0.0118526
  0.0120997
  0.0120212
  0.0120915
   0.011776
  0.0117482
  0.0118083
  0.0114503
    0.01219
  0.0115003
  0.0116325
  0.0116723
   0.012186
  0.0114155
  0.0110714
  0.0115345
  0.0114032
  0.0113666
   0.011416
  0.0113249
  0.0115378
  0.0108416
  0.0111552
  0.0106858
  0.0108531
  0.0108103
  0.0109555
  0.0111274
  0.0114032
  0.0110971
  0.0112205
  0.0106743
  0.0112896
  0.0108822
  0.0102707
  0.0104754
  0.0108965
  0.0108914
  0.0102228
  0.0104788
  0.0105841
 0.00993369
  0.0104617
   0.009943
 0.00978579
  0.0103338
 0.00977101
  0.0101285
  0.0098154
  0.0102511
  0.0096964
 0.00995493
 0.00992065
 0.00972225
 0.00996154
  0.0102655
 0.00973654
 0.00960397
 0.00945585
  0.0106203
  0.0098564
 0.00978179
 0.00960987
 0.00928911
 0.00954795
 0.00960657
  0.0103449
 0.00984071
 0.00952726
 0.00989643
 0.00983063
  0.0099537
 0.00910655
 0.00954548
  0.0101916
  0.0100523
 0.00980103
  0.0102758
   0.010085
   0.009573
  0.0102468
  0.0102536
 0.00970561
 0.00937005
  0.0105491
 0.00974397
  0.0106759
  0.0101117
  0.0101064
  0.0100728
  0.0099469
  0.0105503
  0.0105198
 0.00998687
  0.0104098
  0.0107084
  0.0101433
  0.0100487
  0.0100029
  0.0103069
  0.0102663
  0.0106397
  0.0106936
  0.0105364
  0.0110028
  0.0105366
  0.0104437
  0.0110434
   0.010921
  0.0104333
   0.010807
  0.0109852
  0.0111404
  0.0106405
  0.0110826
  0.0108233
  0.0109228
  0.0110235
   0.011319
  0.0114695
  0.0110245
  0.0112691
  0.0115738
  0.0112266
  0.0105964
  0.0111843
  0.0111298
  0.0114473
  0.0112646
  0.0109257
  0.0105578
  0.0118188
  0.0110747
  0.0111871
  0.0110074
  0.0113397
  0.0109053
  0.0117301
  0.0120299
  0.0112762
  0.0110844
  0.0112875
  0.0112547
  0.0119562
   0.011567
  0.0116253
   0.011279
  0.0109715
  0.0113846
  0.0113878
  0.0111432
   0.011597
  0.0107074
  0.0117071
  0.0113765
  0.0112566
  0.0113192
   0.011123
  0.0118898
  0.0114374
  0.0120147
  0.0114327
  0.0112212
  0.0117989
  0.0114026
  0.0109555
  0.0119532
  0.0113313
  0.0116501
  0.0113891
  0.0117271
  0.0119116
  0.0118267
  0.0118586
  0.0118234
  0.0114109
  0.0121126
  0.0115959
  0.0114553
  0.0117086
  0.0116336
   0.011817
  0.0112985
  0.0107807
  0.0116733
  0.0112253
  0.0110142
  0.0109966
  0.0110127
  0.0110543
   0.011537
  0.0106853
  0.0110924
  0.0113229
  0.0112023
  0.0109559
  0.0107285
  0.0113901
  0.0107542
  0.0109779
  0.0108463
  0.0112098
  0.0107267
  0.0104639
  0.0104995
  0.0101636
  0.0108419
  0.0106882
  0.0103047
  0.0104646
  0.0106322
 0.00986333
  0.0104006
  0.0104464
  0.0102599
  0.0105999
 0.00969985
  0.0101301
 0.00971894
  0.0100649
 0.00996832
  0.0093809
 0.00986366
  0.0096028
 0.00949735
 0.00918842
 0.00902366
 0.00905116
 0.00935799
 0.00880948
 0.00895775
 0.00888849
 0.00912552
 0.00867868
 0.00847179
 0.00843529
 0.00868178
 0.00825866
 0.00843474
 0.00820935
 0.00812956
 0.00774883
 0.00785662
 0.00770061
 0.00792895
 0.00756402
 0.00732679
 0.00727741
 0.00737043
 0.00686134
 0.00678409
 0.00688149
 0.00702714
 0.00697471
 0.00666586
  0.0066231
 0.00691471
 0.00647618
 0.00609608
 0.00621661
 0.00599967
  0.0057686
 0.00573848
 0.00562701
 0.00541518
   0.005598
 0.00528286
 0.00551289
 0.00514294
   0.005384
 0.00509557
 0.00495999
 0.00487195
 0.00477835
 0.00468257
 0.00454745
  0.0043214
 0.00451694
 0.00461565
 0.00393057
 0.00395911
 0.00390854
 0.00368502
 0.00376979
 0.00383127
 0.00365861
 0.00367425
 0.00339345
 0.00351758
 0.00327222
 0.00348158
  0.0032297
 0.00303288
 0.00313124
 0.00288353
 0.00303572
 0.00287249
 0.00278961
 0.00256504
 0.00249635
 0.00258914
  0.0025095
  0.0024168
 0.00234619
  0.0021841
 0.00226675
 0.00223957
 0.00213372
 0.00193543
 0.00216543
 0.00171546
 0.00187666
 0.00188991
 0.00173823
 0.00161894
 0.00160203
 0.00147421
  0.0017095
 0.00146671
 0.00147721
 0.00138005
 0.00137376
 0.00144028
 0.00130682
 0.00114883
 0.00133131
 0.00116745
 0.00106655
   0.001093
0.000966496
0.000993805
 0.00083645
  0.0009923
0.000887313
0.000953232
0.000838472
0.000761253
 0.00076361
0.000774846
0.000687474
    0.00075
0.000722611
0.000731473
0.000644086
0.000606224
0.000569038
0.000562317
0.000559458
0.000531396
0.000445566
0.000442197
0.000491526
0.000433912
0.000411189
0.000467984
0.000394557
 0.00044803
0.000459034
0.000368061
0.000294309
0.000365786
0.000368758
 0.00028597
0.000348588
0.000285454
0.000263799
0.000275986
0.000178591
0.000217043
0.000176211
0.000216779
0.000171808
0.000168753
0.000173841
  0.0001781
0.000146381
0.000204875
0.000154445
0.000141577
0.000136098
0.000107643
0.000132313
 0.00012928
7.60142e-05
0.000123345
8.10255e-05
7.30348e-05
6.17984e-05
 9.8231e-05
7.39415e-05
 6.3255e-05
8.22575e-05
8.30995e-05
4.38838e-05
 8.2913e-05
6.82912e-05
6.08493e-05
7.07886e-05
 5.0519e-05
6.41348e-05
5.43252e-05
7.84445e-05
3.87693e-05
5.15408e-05
2.94849e-05
 4.5115e-05
3.59162e-05
3.02955e-05
4.24002e-05
1.50016e-05
9.82542e-06