  0.0108719
   0.012517
  0.0161648
  0.0157714
  0.0123596
  0.0157833
    0.01547
  0.0164509
  0.0156562
  0.0161791
  0.0171921
  0.0165582
   0.016737
  0.0149999
   0.016098
  0.0159502
  0.0148857
  0.0169118
  0.0168725
  0.0150347
  0.0154291
  0.0173027
  0.0157356
  0.0157773
  0.0165253
  0.0165224
  0.0158151
  0.0159809
  0.0156616
  0.0153542
  0.0151727
  0.0156507
  0.0151244
  0.0148184
  0.0151634
  0.0151475
  0.0149662
  0.0152613
  0.0149654
  0.0154817
  0.0154251
  0.0159468
  0.0151401
  0.0152545
  0.0148233
  0.0153842
  0.0150569
  0.0146091
  0.0150612
  0.0154352
  0.0154888
   0.015466
  0.0158463
   0.015521
  0.0151842
  0.0154214
  0.0156679
  0.0148601
  0.0151125
  0.0154853
  0.0156278
  0.0159456
  0.0151952
  0.0152506
  0.0154165
    0.01499
  0.0145144
  0.0146396
  0.0146099
  0.0143869
  0.0144603
  0.0146449
  0.0146657
  0.0146879
  0.0146351
   0.014819
   0.014764
  0.0145069
  0.0143178
  0.0140601
  0.0135916
  0.0136492
  0.0139776
  0.0144158
  0.0136555
  0.0134451
  0.0136079
  0.0131314
  0.0137972
  0.0137281
  0.0132582
  0.0134919
  0.0134837
  0.0133083
  0.0131185
  0.0132412
  0.0127596
  0.0133271
  0.0129888
  0.0126042
   0.013138
  0.0129405
  0.0129954
  0.0131112
  0.0125667
  0.0130622
  0.0129308
  0.0126494
   0.013166
  0.0124428
    0.01268
  0.0121198
  0.0128468
  0.0123438
  0.0117824
  0.0120496
  0.0126178
  0.0121872
  0.0119622
  0.0117993
   0.011904
  0.0119096
  0.0117732
  0.0115306
  0.0115253
  0.0114237
  0.0114452
  0.0114173
  0.0110793
  0.0109148
  0.0111099
   0.010847
  0.0111289
  0.0111655
  0.0106812
  0.0109287
  0.0106077
  0.0108169
  0.0104129
  0.0106246
  0.0105097
   0.010613
  0.0102337
  0.0104894
  0.0100945
 0.00992148
  0.0101479
 0.00990919
 0.00988877
 0.00968933
 0.00947264
 0.00930774
 0.00957601
 0.00919986
 0.00922172
 0.00931391
 0.00941131
 0.00902671
 0.00893935
 0.00886649
  0.0089518
 0.00888242
 0.00876122
 0.00833011
 0.00862035
 0.00820648
 0.00867986
 0.00802704
 0.00798716
 0.00776095
 0.00781929
 0.00797593
 0.00745602
 0.00765241
 0.00759315
 0.00743866
  0.0072261
 0.00715175
 0.00709182
 0.00715256
 0.00721895
 0.00699929
 0.00702592
 0.00702583
 0.00692754
 0.00693567
 0.00676471
 0.00683526
  0.0065357
 0.00674449
 0.00665225
 0.00655055
  0.0063024
  0.0063702
 0.00619375
  0.0062271
 0.00608222
 0.00590483
 0.00584137
 0.00573635
 0.00578183
 0.00580349
 0.00575587
 0.00541631
 0.00537314
   0.005404
 0.00526801
 0.00531146
 0.00516011
 0.00525747
 0.00530103
 0.00509923
 0.00491747
 0.00498674
 0.00477059
 0.00469552
 0.00465608
 0.00470166
  0.0045489
 0.00438257
 0.00443717
 0.00435726
 0.00434093
 0.00423661
  0.0040315
    0.00412
 0.00412076
 0.00384795
 0.00395733
 0.00378153
 0.00397447
 0.00358614
 0.00362969
 0.00355488
  0.0033827
 0.00355446
 0.00334329
 0.00350535
 0.00337098
 0.00340283
  0.0032326
   0.003049
 0.00298465
 0.00316999
 0.00306772
 0.00289359
 0.00269249
 0.00288063
 0.00270706
 0.00294399
 0.00253788
 0.00262204
 0.00251838
 0.00270164
 0.00245094
 0.00243075
 0.00242129
 0.00242965
 0.00234018
 0.00239666
 0.00231019
 0.00239256
 0.00232145
 0.00219616
 0.00211932
 0.00207478
  0.0021313
 0.00218473
 0.00204792
 0.00207424
 0.00198952
 0.00190437
 0.00188377
 0.00188472
 0.00181597
 0.00177104
 0.00171661
 0.00177167
 0.00172892
 0.00164304
 0.00159749
 0.00160096
 0.00160035
  0.0015383
   0.001558
 0.00147353
 0.00143849
 0.00136445
 0.00144289
 0.00131508
 0.00130417
 0.00135997
 0.00124596
 0.00135315
 0.00121278
 0.00128214
 0.00127157
 0.00115833
 0.00124919
 0.00115585
 0.00114631
 0.00116572
 0.00114205
0.000989594
 0.00105952
 0.00102473
 0.00105448
 0.00106545
 0.00105043
0.000981515
   0.000971
0.000992647
0.000960225
0.000933933
0.000885101
0.000935265
0.000925094
0.000910039
0.000913913
0.000810027
0.000821764
0.000804552
0.000787889
0.000754109
0.000743426
0.000726665
0.000678071
0.000690832
0.000687863
0.000619455
0.000633574
0.000655364
0.000593254
 0.00062874
0.000613625
 0.00062968
  0.0005756
0.000600138
 0.00055195
 0.00058104
0.000522284
0.000540834
0.000491295
0.000521055
 0.00046813
0.000415096
0.000460897
0.000407778
0.000375868
0.000360898
0.000358239
0.000389327
0.000329058
0.000356011
 0.00031431
0.000306997
0.000315354
0.000273715
 0.00033631
0.000295639
0.000248061
0.000226827
0.000238813
0.000223616
0.000237896
 0.00022982
0.000241667
0.000219241
0.000196938
0.000205298
0.000174669
0.000189966
0.000187922
0.000185125
0.000170135
0.000181097
0.000147604
0.000189978
0.000158149
0.000157733
0.000162575
0.000156532
0.000143798
 0.00016056
0.000163859
0.000128598
0.000139724
0.000118349
0.000134593
0.000117375
0.000129514
0.000112032
9.90074e-05
0.000132159
9.45224e-05
0.000108372
0.000112423
 9.8123e-05
8.81969e-05
0.000101924
0.000103097
9.57233e-05
0.000118913
0.000101623
0.000120446
0.000103941
 9.9468e-05
9.29131e-05
7.06512e-05
 7.7457e-05
7.51802e-05
9.47887e-05
9.66375e-05
7.08345e-05
 8.2039e-05
7.77153e-05
7.92442e-05
5.64676e-05
 7.6476e-05
5.85829e-05
6.42201e-05
7.11866e-05
5.95201e-05
5.97171e-05
4.24105e-05
4.43257e-05
3.95317e-05
5.74878e-05
3.86805e-05
4.72401e-05
3.88329e-05
4.00676e-05
3.66713e-05
 5.5045e-05
3.91335e-05
3.41223e-05
4.68108e-05
4.83369e-05
4.65975e-05
4.29153e-05
3.82767e-05
3.52773e-05
3.51977e-05
3.22187e-05
3.69683e-05
3.01498e-05
2.84822e-05
2.42676e-05
1.49742e-05
2.12987e-05
2.25202e-05
2.24704e-05
2.08419e-05
2.04809e-05
1.32047e-05
2.19596e-05
8.13858e-06
1.40552e-05
1.46479e-05
8.39648e-06
5.27521e-06
7.12159e-06
1.32855e-05
1.10988e-05
5.53746e-06
4.91163e-06
1.25591e-05
7.03029e-06
3.66016e-06
5.47855e-06
4.55577e-06
6.97071e-06
6.04867e-06
1.02611e-05
2.71044e-06
9.01583e-06
8.69703e-06
1.07737e-05
4.77833e-06
5.36442e-06
2.08183e-06
6.82609e-06
5.92344e-06
3.25116e-06
5.01416e-06
2.35475e-06
5.87479e-07
4.98334e-06
3.51046e-06
3.79523e-06
2.91347e-06
1.45377e-06
4.35247e-06
3.18535e-06
          0
3.74932e-06
4.60527e-06
3.44702e-06
3.72678e-06
3.14713e-06
2.28425e-06
2.84962e-06
5.68792e-07
2.83832e-07
8.49809e-07
3.39252e-06
8.46456e-07
1.40798e-06
2.81044e-07
          0
1.11977e-06
 8.3819e-07
8.36556e-07
1.39155e-06
          0
2.77231e-07
5.53389e-07
          0
          0
2.20079e-06
          0
          0
1.64112e-06
5.45997e-07
1.36239e-06
1.08784e-06
1.08578e-06
 5.4186e-07
2.70418e-07
2.69908e-07
5.38799e-07
1.88225e-06
 2.4155e-06
3.48252e-06
 1.8717e-06
2.66886e-06
1.86473e-06
1.06358e-06
3.18481e-06
1.32455e-06
2.11536e-06
1.05573e-06
2.10757e-06
3.15554e-06
1.83735e-06
1.57199e-06
7.84558e-07
3.91563e-06
1.30283e-06
7.80279e-07
7.78863e-07
2.07321e-06
1.55209e-06
2.58215e-07
  5.155e-07
5.14572e-07
7.70473e-07
2.56364e-07
7.67716e-07
1.53269e-06
1.01997e-06
5.09079e-07
2.54087e-07
          0
2.53188e-07
          0
          0
5.03701e-07
1.50845e-06
5.01934e-07
2.00422e-06
2.00072e-06
2.49653e-07
          0
7.46354e-07
2.48353e-07
9.91689e-07
1.97995e-06
          0
          0
2.46215e-07
          0
7.36112e-07
          0
          0
          0
          0
1.21642e-06
          0
          0
          0
          0
          0
          0
          0
          0
          0
          0
          0
          0