 0.00400543
   0.012064
  0.0186602
  0.0139952
  0.0266075
  0.0144641
  0.0175067
  0.0182867
     0.0199
  0.0161934
   0.023417
  0.0222762
   0.026116
  0.0192438
  0.0199699
  0.0250638
  0.0218391
  0.0208431
  0.0234403
  0.0229502
  0.0200135
  0.0230312
  0.0210182
  0.0265479
  0.0259247
  0.0227598
  0.0238313
  0.0202724
  0.0222568
  0.0191816
  0.0207593
  0.0239044
   0.021842
  0.0222655
  0.0213896
  0.0222895
  0.0234552
  0.0232119
   0.021443
  0.0238752
  0.0227393
  0.0198659
  0.0210296
  0.0211737
  0.0235176
  0.0212732
  0.0256518
  0.0217418
  0.0241961
  0.0254059
   0.020605
  0.0224627
  0.0220425
  0.0258746
  0.0236442
  0.0209434
  0.0252138
  0.0259613
  0.0257912
   0.025363
  0.0224067
  0.0247494
  0.0226308
  0.0244677
   0.022693
  0.0270713
  0.0246105
  0.0236988
  0.0263656
  0.0251525
  0.0276257
  0.0246763
   0.026601
  0.0241138
  0.0257696
  0.0261156
  0.0251968
  0.0262591
  0.0262526
  0.0265431
  0.0255856
  0.0265249
  0.0260686
  0.0266211
  0.0262014
  0.0265033
  0.0260682
  0.0244596
  0.0275065
  0.0289726
  0.0285274
  0.0275861
  0.0267511
  0.0267374
  0.0294354
  0.0271698
  0.0292178
  0.0281723
  0.0270949
  0.0288944
  0.0294242
  0.0283924
  0.0297472
  0.0278821
  0.0284549
  0.0292418
  0.0295996
  0.0294677
   0.029619
  0.0304231
  0.0293568
  0.0292114
  0.0283942
  0.0292669
  0.0297223
  0.0322432
  0.0307474
  0.0296245
  0.0321436
  0.0325648
  0.0313412
  0.0338625
  0.0315635
  0.0327679
  0.0330788
  0.0330335
   0.034348
  0.0312433
  0.0322364
  0.0312901
  0.0340928
  0.0323397
   0.033712
  0.0310542
  0.0323804
   0.033204
  0.0327667
  0.0331146
  0.0331234
  0.0343752
  0.0326637
  0.0334364
  0.0341329
  0.0343627
  0.0333937
  0.0336157
  0.0315523
  0.0326376
  0.0314085
  0.0329062
  0.0324698
   0.031231
  0.0305307
  0.0328076
  0.0332482
  0.0311858
  0.0306719
   0.030584
  0.0303394
  0.0301528
   0.031457
  0.0304087
  0.0316965
  0.0298709
  0.0314106
  0.0302119
  0.0299711
  0.0294714
   0.030227
  0.0301877
  0.0283793
  0.0294719
  0.0281069
  0.0288476
  0.0264778
  0.0269337
  0.0274513
  0.0274187
  0.0257215
  0.0266658
  0.0278046
  0.0270608
  0.0278535
  0.0268433
  0.0274225
   0.026043
  0.0266453
  0.0269175
  0.0289115
  0.0264118
  0.0252085
  0.0275746
  0.0261317
  0.0266095
   0.026677
  0.0277276
  0.0265944
  0.0270704
   0.027751
  0.0258904
  0.0271233
   0.027124
  0.0268302
  0.0265229
  0.0263344
   0.026652
  0.0260505
  0.0245099
  0.0271578
  0.0268178
  0.0264425
  0.0267056
  0.0252303
  0.0270487
  0.0270027
  0.0261581
  0.0247955
  0.0247194
  0.0251578
  0.0266734
  0.0249444
  0.0253372
  0.0244029
  0.0267927
  0.0263189
   0.026129
  0.0251413
  0.0258161
  0.0255306
   0.026105
  0.0275649
  0.0267255
  0.0267217
  0.0255361
     0.0265
  0.0261994
  0.0257263
  0.0258273
  0.0259112
  0.0276693
  0.0273491
  0.0270974
  0.0278677
  0.0282667
  0.0272229
  0.0279043
  0.0270762
    0.02766
  0.0290771
  0.0280682
  0.0278393
  0.0280115
  0.0269585
  0.0278203
  0.0274823
  0.0282008
  0.0269281
  0.0271557
  0.0282733
  0.0280428
  0.0278586
  0.0285942
  0.0284492
  0.0288331
  0.0280283
  0.0288092
  0.0283191
  0.0275776
  0.0280653
  0.0269042
   0.028043
  0.0280184
  0.0284607
  0.0272949
   0.028793
  0.0288808
  0.0290802
  0.0281776
    0.02762
  0.0289079
  0.0272842
  0.0275646
  0.0274904
  0.0289564
  0.0284074
   0.028973
  0.0263467
  0.0277681
   0.028729
  0.0279759
  0.0281563
  0.0279283
  0.0271931
  0.0275281
  0.0279834
  0.0277651
  0.0273078
  0.0276015
  0.0275389
  0.0277821
   0.028468
  0.0283213
  0.0280405
  0.0282256
  0.0290627
   0.028191
  0.0272108
  0.0270927
  0.0255995
  0.0260055
  0.0262665
  0.0272919
  0.0263482
  0.0259384
  0.0242436
  0.0245287
  0.0247269
  0.0251365
  0.0241429
  0.0247627
  0.0247429
  0.0239689
  0.0235871
  0.0225994
  0.0238959
  0.0233832
  0.0232008
  0.0230786
  0.0230401
  0.0227154
   0.022307
  0.0227621
  0.0217922
  0.0214291
  0.0218152
  0.0216879
  0.0213003
  0.0218631
  0.0209493
  0.0219704
  0.0202998
  0.0213604
  0.0209778
  0.0201267
  0.0200941
   0.020375
  0.0201789
  0.0196824
   0.019356
  0.0187383
  0.0192036
  0.0190431
  0.0186969
  0.0183388
  0.0187533
  0.0175117
  0.0165971
  0.0173452
  0.0162334
  0.0170424
  0.0165606
  0.0155246
   0.015708
   0.015744
  0.0159384
  0.0159563
   0.016028
  0.0153282
  0.0146411
    0.01569
  0.0144252
  0.0148307
  0.0143956
  0.0135185
  0.0139186
  0.0131714
  0.0133831
  0.0132321
  0.0125523
  0.0118108
  0.0122236
  0.0120605
  0.0116241
  0.0109196
  0.0113175
  0.0111627
    0.01038
  0.0104676
  0.0100837
 0.00944284
 0.00918357
 0.00891613
   0.009189
 0.00864866
 0.00908091
 0.00889036
 0.00841852
 0.00814193
 0.00798553
 0.00776625
 0.00815403
 0.00759334
 0.00758609
 0.00710535
    0.00734
 0.00748705
 0.00662066
 0.00711305
 0.00643649
 0.00625331
 0.00647686
 0.00599449
  0.0056754
 0.00568887
 0.00554625
 0.00561636
 0.00533737
 0.00520756
 0.00476223
 0.00470071
 0.00474459
 0.00430283
 0.00420789
 0.00428501
 0.00416161
 0.00388051
 0.00403983
 0.00402994
 0.00368887
  0.0037781
 0.00353236
 0.00317273
 0.00318413
 0.00312537
 0.00293118
 0.00261451
 0.00245991
 0.00261106
  0.0025343
 0.00236208
 0.00228038
 0.00220036
 0.00223521
 0.00228109
 0.00207558
 0.00171298
 0.00164663
 0.00167489
 0.00177566
 0.00172721
 0.00161088
 0.00151575
 0.00153114
 0.00151096
 0.00138608
 0.00130796
 0.00128339
 0.00115066
 0.00130502
 0.00113591
 0.00106828
 0.00114462
 0.00103483
 0.00104658
0.000780577
0.000800595
0.000660833
0.000786578
0.000783884
0.000794999
0.000804853
0.000593824
0.000598012
0.000726322
0.000667371
0.000666971
0.000626786
0.000558239
0.000569815
0.000490149
 0.00054524
0.000413127
0.000428067
0.000433291
0.000291215
0.000404232
0.000380295
0.000316784
0.000353386
0.000358698
0.000423618
0.000338244
0.000325565
0.000261199
0.000290341
0.000222268
0.000304523
0.000261782
0.000181752
0.000157928
  0.0001342
0.000118924
8.41812e-05
0.000137185
0.000125583
0.000126654
0.000173618
0.000121274
0.000109045
0.000132766
0.000106752
8.41916e-05
0.000116374
7.55147e-05
6.38869e-05
 5.8773e-05
9.40762e-05
9.96019e-05
8.50773e-05
7.09754e-05
9.39031e-05
2.11928e-05
5.68922e-05
9.15455e-05
4.90461e-05
4.85903e-05
2.69635e-05
2.07713e-05
3.38924e-05
2.10528e-05
4.86715e-05
1.66714e-05
3.93637e-05
1.73233e-05
1.83605e-05
3.55849e-05
2.62838e-05
3.74025e-05
  2.424e-05
3.97364e-05
4.12495e-05
 2.7097e-05
2.44127e-05
4.38269e-06
1.90735e-05
8.38395e-06
6.79951e-06
2.12314e-05
1.70237e-05
2.37552e-05
3.06353e-05
1.86588e-05
7.58801e-06
4.82001e-06
1.04818e-05
7.71859e-06
1.19851e-06
 9.0582e-06
1.21129e-05
8.51495e-07
1.54696e-05
3.73324e-06
6.94505e-06
          0
4.38859e-06
          0
9.41901e-06
          0
          0
          0
          0
          0
          0
          0
          0
          0
          0
          0
          0
          0
          0
          0
          0
          0
          0
          0
          0
          0
          0
          0
          0
          0
          0
          0
          0
          0
          0
          0
          0
          0