          0
          0
          0
 0.00670637
 0.00429208
 0.00774959
 0.00700748
 0.00402382
 0.00900807
 0.00665272
 0.00603019
 0.00789862
 0.00419049
 0.00459866
 0.00906106
  0.0105625
 0.00883663
   0.010399
  0.0111761
  0.0083159
  0.0093433
 0.00638491
 0.00620688
 0.00886732
  0.0089962
  0.0104445
 0.00930245
  0.0114145
 0.00974777
 0.00810726
 0.00953547
 0.00834105
  0.0081585
 0.00809406
  0.0086192
  0.0103162
 0.00837097
 0.00832259
 0.00804236
 0.00677344
 0.00698325
 0.00969611
 0.00815936
 0.00921157
 0.00927301
 0.00870181
 0.00880178
 0.00701375
 0.00647119
 0.00884168
 0.00926568
  0.0079286
 0.00722732
 0.00777167
 0.00861963
 0.00752756
 0.00754978
 0.00930759
 0.00840907
 0.00692098
 0.00785516
 0.00818443
 0.00871068
 0.00907456
 0.00849781
 0.00827674
 0.00924102
  0.0070034
 0.00809103
 0.00808488
 0.00753094
 0.00768335
 0.00800587
 0.00765771
 0.00773719
 0.00905082
  0.0088245
 0.00768257
 0.00848994
 0.00867805
 0.00822305
 0.00839394
 0.00889381
 0.00782867
 0.00899406
 0.00808392
 0.00899925
 0.00880974
 0.00821732
 0.00881996
 0.00933207
 0.00901874
 0.00895734
 0.00907622
 0.00884335
 0.00935632
 0.00946548
 0.00988108
 0.00846942
 0.00900693
 0.00915764
 0.00900165
 0.00908259
 0.00917662
 0.00970536
 0.00914111
 0.00913037
 0.00954715
 0.00878393
 0.00888567
 0.00916522
 0.00864643
 0.00926886
 0.00926879
 0.00906611
 0.00916564
 0.00851267
 0.00951261
 0.00966711
 0.00950219
 0.00874921
 0.00902738
 0.00893226
 0.00916142
 0.00953597
 0.00938115
 0.00953736
 0.00904051
 0.00904017
 0.00874543
 0.00946904
 0.00934089
  0.0087278
 0.00893626
 0.00894095
 0.00856745
 0.00906942
 0.00915369
 0.00903467
 0.00882176
 0.00916339
 0.00856649
  0.0092195
 0.00889319
 0.00871889
 0.00881934
 0.00884178
 0.00896665
  0.0089946
 0.00866905
 0.00898191
 0.00924681
 0.00866153
 0.00882993
 0.00865473
 0.00859351
  0.0089197
 0.00831887
 0.00884527
 0.00849362
 0.00858962
 0.00868098
 0.00889869
 0.00859421
 0.00899484
 0.00853245
 0.00822127
 0.00849322
 0.00861692
     0.0087
  0.0084958
 0.00858155
 0.00832201
 0.00830035
 0.00826322
 0.00830537
 0.00846661
   0.008684
 0.00840774
 0.00826755
  0.0083317
 0.00808749
 0.00836846
 0.00830183
 0.00828005
  0.0084003
 0.00839477
 0.00817759
 0.00806545
 0.00823045
 0.00803978
 0.00849241
 0.00817822
  0.0080964
 0.00816991
 0.00804597
 0.00783344
 0.00786454
  0.0080106
 0.00803585
  0.0079938
 0.00781019
 0.00783602
 0.00761087
 0.00830738
   0.007835
 0.00757868
 0.00802434
 0.00748051
 0.00782891
 0.00764112
 0.00760979
 0.00734504
 0.00763645
 0.00774756
 0.00759136
 0.00769838
 0.00746309
  0.0076224
 0.00736438
 0.00762039
 0.00718177
 0.00732594
 0.00732056
 0.00708055
 0.00715165
 0.00696633
 0.00697925
 0.00713369
 0.00692737
  0.0071048
 0.00724105
 0.00695885
 0.00693555
 0.00669945
 0.00677689
 0.00653948
   0.006446
 0.00653081
 0.00660168
 0.00650858
 0.00655384
 0.00662067
 0.00645081
 0.00625489
 0.00622754
 0.00625531
 0.00628103
 0.00596451
 0.00619914
 0.00608614
 0.00587133
 0.00583205
 0.00588934
  0.0057868
 0.00580848
 0.00592485
 0.00589771
 0.00539637
 0.00568669
 0.00561642
 0.00534384
 0.00558438
  0.0054079
 0.00518014
 0.00527623
 0.00516755
 0.00537376
 0.00533685
 0.00509162
 0.00508129
 0.00508083
 0.00520234
 0.00499664
 0.00494589
 0.00502309
 0.00498409
 0.00497634
 0.00467359
 0.00476454
 0.00462768
  0.0047007
 0.00460698
 0.00459695
 0.00461626
 0.00449615
  0.0044198
 0.00439433
 0.00446136
 0.00439466
 0.00416684
 0.00419347
 0.00415864
 0.00403506
 0.00411231
 0.00406473
 0.00413715
 0.00394414
 0.00381338
  0.0039964
 0.00374984
 0.00375164
 0.00359064
 0.00362209
 0.00371719
 0.00358269
 0.00370398
 0.00347501
 0.00343749
 0.00336756
 0.00345022
 0.00325751
 0.00341942
 0.00329842
 0.00320224
 0.00323079
 0.00314573
 0.00316567
  0.0030965
 0.00299796
 0.00300597
  0.0029035
 0.00286107
 0.00289475
 0.00282617
 0.00284945
 0.00269758
 0.00275975
  0.0026966
 0.00265821
 0.00255188
 0.00245183
 0.00252499
 0.00251605
 0.00254446
  0.0024379
 0.00243139
 0.00238585
 0.00245022
 0.00222123
 0.00229016
 0.00222009
 0.00214296
  0.0021822
 0.00217047
 0.00208964
  0.0021416
 0.00205506
 0.00204577
 0.00197243
 0.00193281
 0.00202473
 0.00199416
 0.00198102
 0.00188388
 0.00178662
 0.00189045
 0.00174628
  0.0017682
  0.0017531
 0.00174686
 0.00166303
 0.00164346
 0.00152689
 0.00156074
 0.00159292
 0.00152306
 0.00149055
  0.0014776
 0.00140316
 0.00144721
 0.00139927
 0.00129646
 0.00134538
 0.00136919
 0.00135084
 0.00125746
 0.00121267
 0.00118028
  0.0011451
 0.00112801
 0.00112373
  0.0010987
 0.00109197
 0.00107139
 0.00109235
 0.00105777
  0.0010432
 0.00098707
 0.00105708
0.000963101
0.000960847
0.000858005
0.000891948
0.000890601
0.000860107
0.000920185
0.000796616
0.000799368
0.000768148
0.000750575
0.000764773
0.000813177
0.000756826
0.000730458
0.000674787
0.000698423
0.000710345
0.000670954
0.000681345
0.000625819
0.000674241
0.000630718
0.000574837
 0.00057182
0.000579491
0.000591278
0.000531462
0.000560221
0.000520451
 0.00051895
0.000494079
  0.0004644
0.000487639
0.000496277
0.000477276
0.000425491
0.000402066
0.000428296
0.000426887
0.000385513
0.000397415
0.000394208
0.000328703
0.000342278
0.000366336
0.000356008
0.000319595
0.000302551
0.000321463
0.000291537
0.000309552
0.000282131
0.000274547
0.000299866
0.000291294
0.000267115
0.000251596
0.000247389
0.000264201
0.000203314
0.000241385
0.000229758
0.000251757
0.000213541
0.000211574
0.000210546
0.000181084
0.000221652
0.000206795
0.000198022
0.000179068
0.000165081
0.000179521
0.000179048
0.000147644
0.000155475
0.000126005
0.000155128
0.000149222
0.000150814
0.000129562
 0.00012019
0.000126178
0.000129642
0.000122373
 0.00011224
0.000129053
0.000112708
9.44481e-05
9.67458e-05
0.000103919
9.53943e-05
7.53041e-05
0.000101543
9.42202e-05
9.23859e-05
9.09263e-05
0.000105543
7.99961e-05
7.57538e-05
8.06769e-05
6.36618e-05
8.22234e-05
6.51629e-05
7.50193e-05
7.86273e-05
5.89286e-05
5.91236e-05
6.34369e-05
 5.8054e-05
5.65456e-05
 5.5812e-05
5.03527e-05
5.01535e-05
5.54036e-05
4.75879e-05
4.47397e-05
4.16649e-05
4.86799e-05
 4.1175e-05
3.76579e-05
3.80005e-05
3.99647e-05
3.67349e-05
3.57867e-05
3.25974e-05
2.65532e-05
 3.2506e-05
3.65081e-05
3.57356e-05
2.70141e-05
3.37367e-05
2.28222e-05
2.34361e-05
2.47433e-05
 2.6813e-05
2.07072e-05
 2.1856e-05
2.20028e-05
 2.3975e-05
1.90322e-05
1.97162e-05
1.67826e-05
2.17434e-05
2.38286e-05
1.87538e-05
 1.2901e-05
1.38134e-05
1.66325e-05
1.63511e-05
1.44645e-05
1.77594e-05
1.13127e-05
1.11989e-05
 1.1086e-05
1.54923e-05
1.11481e-05
1.13923e-05
6.95246e-06
1.58337e-05
8.80379e-06
8.00004e-06
9.99895e-06
7.94249e-06
1.11073e-05
 8.0239e-06
 6.0653e-06
8.30997e-06
5.81675e-06
4.02313e-06
3.73704e-06
7.58296e-06
5.73454e-06
5.91594e-06
3.55043e-06
 4.2722e-06
6.58531e-06
5.36906e-06
2.31183e-06
2.23792e-06
4.32902e-06
2.48377e-06
 3.9081e-06
4.34887e-06
 2.3286e-06
3.28743e-06
4.43232e-06
1.60037e-06
3.89145e-06
2.22512e-06
2.28084e-06
8.83952e-07
 2.9574e-06
1.37959e-06
6.87441e-07
3.48778e-06
7.44842e-07
1.54649e-06
1.41795e-06
2.51911e-06
 2.1432e-06
1.15953e-06
7.90694e-07
2.60659e-06
7.85396e-07
6.02128e-07
9.00174e-07
7.17737e-07
2.56333e-06