          0
  0.0160941
 0.00715294
 0.00268235
  0.0120169
  0.0107294
 0.00656903
  0.0154235
  0.0116566
  0.0128753
  0.0104634
  0.0120706
   0.015237
 0.00930612
 0.00963263
  0.0105618
  0.0126228
  0.0117229
  0.0123641
  0.0126607
  0.0101698
  0.0126359
   0.011561
  0.0109157
  0.0104719
 0.00841211
  0.0102437
  0.0102641
  0.0103084
 0.00984721
  0.0116338
  0.0117982
  0.0120201
 0.00952281
   0.010528
  0.0100837
   0.010847
  0.0111009
  0.0118933
  0.0102868
  0.0113485
  0.0102063
  0.0101317
  0.0111506
  0.0110844
   0.010415
   0.010948
  0.0108039
  0.0101976
  0.0101801
 0.00969401
  0.0107532
  0.0107332
  0.0101113
  0.0107542
 0.00979195
  0.0097486
   0.010621
  0.0103996
  0.0101691
  0.0102306
  0.0100763
 0.00999681
 0.00960303
 0.00962472
 0.00976386
 0.00969925
   0.009908
  0.0101502
  0.0101557
 0.00962475
 0.00961176
  0.0106992
  0.0103493
  0.0101553
   0.010265
 0.00970334
  0.0102321
 0.00983715
 0.00984759
 0.00983488
 0.00981348
 0.00978091
  0.0103006
  0.0101131
 0.00925259
 0.00967901
 0.00945751
 0.00962003
 0.00935975
 0.00975377
 0.00943133
 0.00929659
 0.00971427
 0.00961783
 0.00957451
 0.00951267
 0.00931729
 0.00965548
 0.00910712
 0.00902234
 0.00893086
 0.00901517
 0.00868789
 0.00895723
 0.00905067
 0.00910346
 0.00880135
 0.00892958
 0.00893822
 0.00865075
 0.00868343
 0.00889006
  0.0085614
 0.00874254
 0.00863871
 0.00860924
 0.00849784
 0.00879355
 0.00854925
 0.00863717
 0.00844281
 0.00862806
 0.00845039
 0.00803967
 0.00835185
 0.00832329
 0.00839807
 0.00806721
 0.00815943
 0.00811911
 0.00817021
 0.00803204
 0.00805124
  0.0079536
 0.00774077
 0.00803177
 0.00755183
   0.007719
 0.00767153
 0.00794519
 0.00750165
 0.00732784
  0.0074665
 0.00754452
 0.00774656
 0.00759683
  0.0076885
 0.00747545
 0.00742761
 0.00747167
 0.00729009
 0.00722077
 0.00708659
 0.00714103
 0.00729755
 0.00704905
 0.00705552
 0.00691357
 0.00712332
  0.0068298
 0.00700739
 0.00658892
 0.00675455
 0.00670997
 0.00673995
 0.00679951
 0.00635842
 0.00645094
 0.00663664
 0.00636184
 0.00650061
 0.00629159
 0.00640802
 0.00619345
 0.00617454
 0.00618168
 0.00606365
 0.00613941
 0.00601907
 0.00599204
   0.006008
 0.00597007
   0.005835
  0.0058674
 0.00578773
 0.00560142
 0.00561545
 0.00550152
 0.00559831
 0.00559396
 0.00532687
 0.00549533
 0.00522159
 0.00540125
 0.00532169
  0.0051456
  0.0051277
 0.00507467
 0.00495323
 0.00482227
 0.00496923
 0.00498913
 0.00486144
 0.00486825
 0.00473059
  0.0047496
 0.00468717
  0.0046719
 0.00470002
 0.00458376
 0.00442984
 0.00459882
 0.00438304
 0.00438368
 0.00432893
 0.00438573
 0.00409047
 0.00431047
 0.00412417
 0.00427762
 0.00401798
 0.00392334
 0.00388924
 0.00398021
  0.0038686
 0.00383168
 0.00375604
    0.00379
 0.00361352
 0.00365991
 0.00364876
  0.0036187
 0.00355374
 0.00343497
 0.00343019
 0.00340398
 0.00324284
 0.00334988
 0.00334921
 0.00325461
 0.00317097
  0.0032365
 0.00316533
 0.00306841
 0.00304422
 0.00304424
 0.00296496
 0.00297719
 0.00291256
 0.00284478
 0.00286685
 0.00276109
 0.00261067
 0.00272059
 0.00268039
  0.0027044
 0.00264254
 0.00252428
 0.00256903
  0.0025163
 0.00253433
 0.00250827
 0.00235045
 0.00233702
  0.0024138
 0.00234187
 0.00223928
 0.00229027
 0.00218503
 0.00228231
 0.00221915
 0.00207652
 0.00210741
 0.00211226
 0.00203444
 0.00194231
 0.00192364
 0.00193496
 0.00190693
 0.00190534
 0.00183276
 0.00185359
 0.00181874
  0.0017595
 0.00178579
 0.00163893
 0.00164646
 0.00166566
  0.0016371
 0.00162637
 0.00162683
 0.00154575
 0.00160353
 0.00152906
 0.00149719
 0.00148275
 0.00148223
 0.00144401
 0.00141008
 0.00141281
 0.00132606
 0.00134841
 0.00124087
 0.00128211
 0.00129597
 0.00123062
  0.0012136
 0.00120261
 0.00118169
 0.00117965
 0.00118643
 0.00114096
 0.00110977
 0.00107181
 0.00105214
 0.00101754
 0.00106377
 0.00100355
 0.00101594
 0.00098588
0.000942098
0.000955403
0.000913128
0.000906095
0.000923563
0.000871566
 0.00083654
0.000820558
0.000864461
0.000834567
0.000798593
0.000754133
0.000747892
0.000766953
0.000771328
0.000686454
0.000699679
 0.00068342
0.000634297
0.000645346
0.000647815
0.000623798
0.000628518
0.000598557
0.000634895
0.000582232
0.000536364
0.000556727
0.000539886
0.000546743
0.000542775
0.000488902
0.000497788
0.000482728
 0.00050237
0.000463022
0.000477183
0.000441894
0.000452026
 0.00043273
0.000445899
 0.00038433
0.000404896
0.000391727
0.000376293
0.000372334
 0.00035827
0.000353652
0.000348138
0.000365595
0.000349366
0.000324977
0.000325543
0.000296494
0.000313133
0.000292149
0.000298565
0.000286982
0.000270019
0.000270673
0.000262199
0.000269316
0.000247541
0.000240466
0.000243398
0.000224662
0.000225929
0.000221791
0.000209791
0.000207597
0.000213102
0.000196458
0.000191868
0.000170268
0.000179672
0.000177951
0.000185457
0.000179137
0.000157722
0.000165211
 0.00016107
0.000150098
0.000156061
0.000148881
 0.00014919
0.000137705
0.000126074
0.000130333
0.000140038
0.000134403
0.000122879
0.000118007
0.000130709
0.000108774
0.000106267
 0.00011415
0.000104393
9.71728e-05
 0.00010401
9.33461e-05
9.14582e-05
8.83878e-05
8.45099e-05
8.64887e-05
9.32961e-05
8.36796e-05
8.37576e-05
7.99862e-05
8.11234e-05
7.04662e-05
6.76107e-05
6.72988e-05
6.73308e-05
 7.2465e-05
6.64887e-05
6.15777e-05
5.62633e-05
5.55619e-05
6.45095e-05
5.68245e-05
5.23938e-05
4.92052e-05
5.21405e-05
4.56213e-05
4.42303e-05
4.40326e-05
4.19118e-05
 4.3109e-05
4.45072e-05
4.82135e-05
4.28538e-05
4.32922e-05
3.53975e-05
3.15106e-05
3.48813e-05
3.43178e-05
3.28382e-05
3.09638e-05
3.09307e-05
3.03928e-05
3.24731e-05
3.34341e-05
2.76089e-05
 2.4513e-05
2.74713e-05
2.69602e-05
2.57674e-05
2.22431e-05
2.36057e-05
2.18611e-05
2.08054e-05
2.09093e-05
1.68098e-05
 1.6644e-05
2.05519e-05
1.56559e-05
1.70931e-05
1.92665e-05
1.70441e-05
1.54893e-05
1.20999e-05
1.44415e-05
1.70384e-05
1.23156e-05
1.29918e-05
1.56529e-05
1.18042e-05
 1.2115e-05
1.17081e-05
8.09998e-06
1.11698e-05
 1.3685e-05
 8.5295e-06
8.93296e-06
9.59478e-06
8.33997e-06
8.91219e-06
8.53178e-06
6.69515e-06
8.89127e-06
1.02183e-05
6.70034e-06
9.37708e-06
5.30107e-06
4.94489e-06
8.43162e-06
5.82072e-06
7.28875e-06
6.27017e-06
7.31398e-06
4.99339e-06
4.72932e-06
4.38605e-06
4.77357e-06
4.27152e-06
3.37189e-06
3.35889e-06
3.58495e-06
2.38079e-06
2.45071e-06
1.81131e-06
3.84413e-06
2.73534e-06
3.26992e-06
1.78387e-06
2.24069e-06
3.30984e-06
2.83724e-06
2.13901e-06
2.05485e-06
3.63935e-06
2.87035e-06
 2.7091e-06
2.47407e-06
2.98769e-06
1.93478e-06
2.29828e-06
2.43749e-06
1.25103e-06
1.17309e-06
 1.8262e-06
1.67392e-06
1.08768e-06
1.44492e-06
1.29567e-06
1.29093e-06
 1.5006e-06
7.11969e-07
1.20595e-06
1.06021e-06
2.81701e-07
1.61393e-06
9.78846e-07
1.46298e-06
9.02401e-07
4.84165e-07
1.17162e-06
1.37345e-06
3.42137e-07
1.09094e-06
8.83236e-07
6.77001e-07
5.39682e-07
8.06659e-07
4.01906e-07
4.00489e-07
9.97701e-07
1.12676e-06
9.24664e-07
1.18469e-06
1.31173e-07
6.53577e-07
2.60521e-07
1.94711e-07
6.46786e-08
3.22273e-07
3.21159e-07
 2.5604e-07
3.82738e-07
6.35702e-07
2.53408e-07
1.89404e-07
2.51675e-07
6.89742e-07
 2.4996e-07
1.86832e-07
2.48263e-07
4.32985e-07
1.84937e-07
1.22874e-06
4.28608e-07
          0
3.64909e-07
3.03069e-07
3.62464e-07
5.41876e-07
2.40029e-07
          0
          0