          0
          0
  0.0119243
          0
 0.00600987
          0
 0.00788467
 0.00301835
 0.00132493
  0.0045074
  0.0040799
0.000894326
 0.00635024
 0.00153313
 0.00333882
 0.00377294
 0.00207954
 0.00523346
 0.00457815
 0.00713672
 0.00267689
 0.00390251
0.000933209
 0.00216129
 0.00494526
 0.00301636
 0.00382757
 0.00355905
 0.00382827
 0.00469819
 0.00372992
  0.0033118
  0.0040799
 0.00287793
 0.00527397
 0.00475317
 0.00471922
 0.00456329
 0.00611034
 0.00421227
 0.00320489
 0.00479407
 0.00370306
 0.00473401
 0.00372039
 0.00486892
 0.00389633
 0.00432257
 0.00392445
 0.00552049
 0.00400229
 0.00408003
 0.00543281
 0.00438698
 0.00437791
 0.00469521
 0.00438657
 0.00453012
 0.00404489
  0.0056104
 0.00455118
 0.00590199
 0.00395315
 0.00479477
 0.00463822
 0.00394193
 0.00547951
 0.00481358
 0.00454883
 0.00592226
 0.00541598
 0.00527486
 0.00579189
 0.00486424
 0.00523145
 0.00650678
 0.00525282
 0.00578225
  0.0058397
 0.00530559
 0.00593436
 0.00423275
 0.00567363
 0.00601388
 0.00635151
 0.00539497
 0.00502779
 0.00583159
 0.00577987
 0.00666703
 0.00572558
 0.00587567
  0.0066955
 0.00602182
 0.00607408
 0.00577119
 0.00612959
 0.00613699
 0.00626548
 0.00567074
  0.0061229
 0.00662853
 0.00662184
 0.00762029
 0.00639145
 0.00698968
 0.00750643
 0.00688594
 0.00709077
 0.00680279
 0.00774168
 0.00720708
 0.00742299
 0.00740895
 0.00697716
  0.0070472
 0.00754189
 0.00770903
  0.0071056
 0.00732751
 0.00735203
 0.00802946
 0.00764974
 0.00795819
 0.00799484
 0.00758047
 0.00897464
 0.00840657
 0.00762281
 0.00787811
  0.0077733
 0.00865131
 0.00776575
 0.00821449
 0.00911196
 0.00824273
 0.00807823
 0.00871333
 0.00884614
 0.00900933
 0.00853651
 0.00912776
 0.00868986
 0.00873417
 0.00909392
 0.00886404
 0.00858096
 0.00896612
 0.00912461
 0.00900049
 0.00938812
 0.00919161
 0.00861707
  0.0100676
 0.00984789
 0.00995312
 0.00972485
 0.00942245
  0.0098188
 0.00968052
 0.00966745
 0.00999338
  0.0100569
  0.0102012
 0.00950557
 0.00984238
  0.0106292
  0.0105905
 0.00946599
 0.00993723
  0.0104944
   0.010137
  0.0101105
  0.0101867
  0.0105781
  0.0101706
  0.0101547
  0.0109013
   0.010469
  0.0104364
  0.0103961
 0.00993359
  0.0100234
  0.0103338
  0.0107523
 0.00998307
   0.011044
   0.010727
  0.0102359
  0.0113717
  0.0110935
  0.0108379
  0.0108555
  0.0108568
  0.0102027
  0.0110833
  0.0106376
  0.0104757
  0.0110785
  0.0108993
  0.0111556
  0.0112232
  0.0110327
  0.0109918
  0.0106898
  0.0109615
  0.0114034
  0.0103673
  0.0109862
  0.0114337
  0.0117537
  0.0114306
  0.0114863
   0.011381
  0.0113009
  0.0113714
  0.0115075
  0.0114938
  0.0108176
    0.01108
  0.0106877
  0.0108869
  0.0115764
  0.0113505
  0.0113032
  0.0110353
  0.0113498
  0.0109231
  0.0111864
  0.0110756
   0.011759
  0.0116714
  0.0115114
  0.0119408
  0.0110182
  0.0111994
  0.0111253
  0.0112556
  0.0116298
  0.0109611
  0.0109583
  0.0111699
  0.0116968
  0.0108386
  0.0109974
  0.0115087
  0.0110628
  0.0110463
  0.0109401
  0.0110221
  0.0112465
  0.0109178
  0.0108981
    0.01069
  0.0110074
  0.0106084
  0.0106245
  0.0104175
  0.0107023
   0.010449
  0.0107317
   0.010277
  0.0106787
  0.0103393
  0.0101626
  0.0106397
  0.0107516
  0.0102831
  0.0102907
  0.0104778
  0.0104591
  0.0103742
  0.0103251
  0.0106153
  0.0100949
 0.00996099
 0.00985871
 0.00992844
  0.0102048
 0.00986706
  0.0097483
 0.00939103
 0.00978761
 0.00983829
 0.00980954
  0.0093338
 0.00953441
 0.00953042
 0.00965372
  0.0094747
  0.0094097
 0.00925348
 0.00927643
 0.00924794
 0.00901418
 0.00919248
 0.00935722
   0.009004
 0.00893235
 0.00851827
  0.0088202
 0.00871364
 0.00834178
 0.00844376
 0.00873665
 0.00861088
 0.00853597
 0.00805413
 0.00831163
 0.00819109
 0.00809523
 0.00823128
 0.00794281
 0.00815092
 0.00804106
 0.00774091
 0.00756442
 0.00764151
  0.0081347
 0.00758549
 0.00749185
 0.00741019
 0.00731192
 0.00753961
 0.00749938
 0.00724986
 0.00713975
 0.00693189
 0.00687494
 0.00691553
 0.00695177
 0.00671679
 0.00651353
 0.00651384
 0.00644593
 0.00647302
 0.00645035
 0.00639721
 0.00603212
 0.00639161
 0.00601399
 0.00583775
 0.00584609
 0.00584316
  0.0057437
 0.00564152
 0.00573312
 0.00546804
 0.00537595
 0.00516884
 0.00524222
 0.00552099
 0.00529787
 0.00512651
 0.00537528
 0.00498066
  0.0051271
  0.0050228
 0.00481233
 0.00491846
 0.00499781
 0.00472946
 0.00461695
 0.00449863
 0.00438057
 0.00448917
 0.00442873
  0.0043527
 0.00426451
  0.0043746
 0.00426232
 0.00420997
 0.00402513
 0.00399335
 0.00409083
 0.00405984
 0.00396176
 0.00376898
   0.003753
 0.00379422
 0.00361138
 0.00343688
 0.00347836
 0.00336988
 0.00346013
 0.00344813
 0.00316234
 0.00331701
 0.00319898
 0.00307662
 0.00315904
 0.00306556
  0.0030308
 0.00297271
 0.00285162
 0.00286433
 0.00278905
 0.00273968
 0.00276224
 0.00275917
 0.00265867
 0.00262354
 0.00255886
 0.00246455
 0.00241968
 0.00239696
 0.00238351
 0.00231369
 0.00222425
 0.00213795
 0.00210711
 0.00212167
  0.0022034
 0.00204788
 0.00206083
 0.00203158
 0.00199062
 0.00191121
 0.00178265
  0.0018007
 0.00183551
  0.0018267
 0.00177848
  0.0018304
 0.00175335
 0.00160982
 0.00167951
 0.00156564
 0.00157117
 0.00153718
  0.0015527
 0.00157933
 0.00143787
  0.0014643
 0.00133802
 0.00138575
 0.00133007
 0.00132389
 0.00128624
  0.0013171
 0.00121092
 0.00113206
 0.00117748
 0.00124404
 0.00116107
 0.00108907
 0.00102996
 0.00108921
0.000987799
 0.00101288
 0.00105219
 0.00103472
0.000989572
0.000940752
0.000886442
0.000880287
 0.00082978
0.000846114
0.000874625
0.000792924
 0.00079484
 0.00079804
0.000762857
0.000791374
0.000702407
0.000668458
0.000639321
0.000724888
0.000642858
0.000610684
0.000602579
0.000543956
0.000595959
0.000553514
 0.00057611
0.000528505
0.000556196
0.000500419
0.000519661
  0.0004453
 0.00052945
0.000470252
0.000397555
0.000397929
0.000438812
0.000401113
 0.00043078
0.000392424
0.000421878
  0.0003903
0.000378117
0.000341911
0.000353419
0.000327891
0.000351095
0.000306319
0.000338455
0.000315374
0.000264461
0.000298519
0.000274069
0.000241209
0.000270112
0.000250114
0.000217394
0.000245123
0.000230379
0.000230388
0.000196345
0.000171892
0.000204264
0.000190612
0.000170703
0.000157853
0.000191716
0.000143573
 0.00015426
0.000156385
0.000135622
0.000173044
0.000161468
0.000142575
0.000128377
0.000122572
9.37594e-05
0.000129244
0.000131459
0.000139892
0.000116201
0.000113088
0.000107562
9.64652e-05
9.58014e-05
0.000100486
 0.00010266
 9.8841e-05
 8.6192e-05
8.95796e-05
9.87042e-05
7.10308e-05
7.06218e-05
8.58512e-05
6.56619e-05
5.71525e-05
6.35911e-05
5.56546e-05
6.09032e-05
6.38259e-05
4.91373e-05
6.32207e-05
4.22771e-05
5.69872e-05
4.52706e-05
4.21002e-05
5.74877e-05
4.51306e-05
4.70441e-05
4.03958e-05
3.71604e-05
3.86705e-05
4.31703e-05
3.39105e-05
3.53477e-05
2.73277e-05
2.54829e-05
3.63139e-05
1.86939e-05
 1.8362e-05
2.98992e-05
2.49057e-05
2.75835e-05
2.53878e-05
1.89581e-05
 2.6905e-05
2.10337e-05
 1.6044e-05
 1.8116e-05
2.44138e-05
1.17166e-05
1.19314e-05
1.57691e-05
1.29268e-05
1.28193e-05
1.57963e-05
1.32336e-05
1.63762e-05
  1.196e-05
8.69121e-06
7.73368e-06
7.58417e-06
8.05014e-06
9.79904e-06
4.08952e-06
5.71823e-06
6.85096e-06
 5.3778e-06
9.63559e-06
5.22184e-06
1.05285e-05
4.23314e-06